type:	default
para:	94 20
ship:	(SH: 15,0 7,1 7,2 2,4 -1,11 -3,11 -2,3 -8,6 -8,-6 -2,-3 -3,-11 -1,-11 2,-4 7,-2 7,-1)(EN: -8,0)(MG: 15,0)(LL: -8,-6)(RL: -8,6)(MR: 15,0)
name:	Mad Max

type:	default
para:	10 90
ship:	(SH: 15,0 6,2 -2,3 -1,4 -2,5 -10,8 -13,8 -13,1 -15,0 -13,-1 -13,-8 -10,-8 -2,-5 -1,-4 -2,-3 6,-2)(EN: -13,0)(MG: 15,0)(LL: -13,8)(RL: -13,-8)(MR: 15,0)
name:	Blackie

type:	default
para:	70 40
ship:	(SH: 15,0 0,8 -8,0 0,-8)(EN: 0,0)(MG: 15,0)(LL: 0,8)(RL: 0,-8)(MR: 15,0)
name:	Kryten

type:	default
para:	30 70
ship:	(SH: 10,0 10,7 5,14 -5,14 -10,7 -10,-7 -5,-14 5,-14 10,-7 10,0 5,5 2,7 5,0 2,-7 5,-5)(EN: -10,0)(MG: 10,0)(LL: -10,7)(RL: -10,-7)(MR: 10,0)
name:	Marvin

type:	default
para:	50 60
ship:	(SH: 15,0 14,1 -1,2 -2,9 0,10 -4,10 -7,2 -8,2 -8,-2 -7,-2 -4,-10 0,-10 -2,-9 -1,-2 14,-1)(EN: -7,-2)(MG: 15,0)(LL: -8,-2)(RL: -7,-2)(MR: 15,0)
name:	R2D2

type:	default
para:	60 50
ship:	(SH: 10,0 0,5 0,15 15,10 0,15 -15,10 0,15 0,5 -7,0 0,-5 0,-15 -15,-10 0,-15 15,-10 0,-15 0,-5)(EN: 0,0)(MG: 10,0)(LL: 0,5)(RL: 0,-5)(MR: 10,0)
name:	C3PO

type:	default
para:	50 50
ship:	(SH: 15,0 15,5 5,5 5,-5 15,-5 15,0 -15,0 -15,5 5,5 5,-5 -15,-5 -15,-8 -15,8 -15,0)(EN: 15,0)(MG: 15,0)(LL: 15,0)(RL: 15,0)(MR: 15,0)
name:	K9

type:	default
para:	45 55
ship:	(SH: 15,0 0,12 -9,8 -9,-8 0,-12)(EN: -9,0)(MG: 15,0)(LL: -9,8)(RL: -9,-8)(MR: 15,0)
name:	Robby

type:	default
para:	05 95
ship:	(SH: 5,-1 8,-5 7,-9 4,-11 -1,-10 -5,-6 -8,-10 -8,10 -5,6 -1,10 4,11 7,9 8,5 5,1 0,0)(EN: -8,0)(MG: 5,-1)(LL: -8,-10)(RL: -8,10)(MR: 5,-1)
name:	Mickey

type:	default
para:	15 85
ship:	(SH: 10,1 12,8 -11,8 -10,3 -7,0 -5,2 -7,0 -10,-1 -10,-3 -13,-4 -13,-7 -15,-8 -15,-13 -5,-5 -2,-4 5,-2)(EN: -15,-10)(MG: 10,1)(LL: -15,-13)(RL: -15,-8)(MR: 10,1)
name:	Hermes

type:	default
para:	60 60
ship:	(SH: 15,-1 15,0 5,0 5,-1 5,9 -15,9 -15,-4 -5,-7 -3,-8 -7,-8 -5,-7 5,-4 5,-1 -15,-1)(EN: -15,2)(MG: 15,-1)(LL: -15,-4)(RL: -15,9)(MR: 15,-1)
name:	Pan

type:	default
para:	40 30
ship:	(SH: 15,0 0,2 -9,8 -3,0 -9,-8 0,-2)(EN: -3,0)(MG: 15,0)(LL: -9,8)(RL: -9,-8)(MR: 15,0)
name:	Azurion

type:	default
para:	60 30
ship:	(SH: 10,0 5,9 -6,9 -11,0 -6,-9 5,-9 10,0)(EN: -6,0)(MG: 10,0)(LL: -6,9)(RL: -6,-9)(MR: 10,0)
name:	Droidion

type:	default
para:	80 40
ship:	(SH: 15,0 0,2 -9,8 -3,0 -9,-8 0,-2)(EN: -3,0)(MG: 15,0)(LL: -9,8)(RL: -9,-8)(MR: 15,0)
name:	Terminator

type:	default
para:	30 90
ship:	(SH: 15,0 4,2 -2,8 -4,7 -3,2 -8,5 -8,2 -6,1 -6,-1 -8,-2 -8,-5 -3,-2 -4,-7 -2,-8 4,-2)(EN: -6,0)(MG: 15,0)(LL: -8,2)(RL: -8,-2)(MR: 15,0)
name:	Sniper

type:	default
para:	40 40
ship:	(SH: 15,0 13,1 3,2 -1,8 -3,8 -3,2 -5,2 -8,5 -8,-5 -5,-2 -3,-2 -3,-8 -1,-8 3,-2 13,-1 15,0)(EN: -8,0)(MG: 15,0)(LL: -8,-5)(RL: -8,5)(MR: 15,0)
name:	Slugger

type:	default
para:	95 5
ship:	(SH: 15,3 7,3 7,-8 3,-8 3,1 -2,1 -3,-1 -5,-1 -14,-5 -15,2 -3,4 -1,8 0,6 13,6 14,8 15,6)(EN: -14,-1)(MG: 15,3)(LL: -15,2)(RL: -14,-5)(MR: 15,3)
name:	Uzi

type:	default
para:	80 50
ship:	(SH: 14,0 2,2 0,8 1,8 -3,8 -3,2 -8,4 -7,1 -7,-1 -8,-4 -3,-2 -3,-8 1,-8 0,-8 2,-2)(EN: -7,0)(MG: 14,0)(LL: -8,-4)(RL: -8,4)(MR: 14,0)
name:	Capone

type:	default
para:	40 70
ship:	(SH: 15,1 2,0 1,-2 6,-3 6,-5 3,-8 -10,-8 -13,-6 -13,-3 -10,-2 -11,2 -7,2 -7,8 -7,2 1,2 2,1)(EN: -13,-4)(MG: 15,1)(LL: -13,-6)(RL: -13,-3)(MR: 15,1)
name:	Tanx

type:	default
para:	60 60
ship:	(SH: 10,0 -10,6 2,-10 2,10 -10,-6 10,0)(EN: -6,0)(MG: 10,0)(LL: -10,6)(RL: -10,-6)(MR: 10,0)
name:	Chrome Star

type:	default
para:	80 10
ship:	(SH: 11,0 12,-3 9,-3 8,-2 -5,-5 -9,-11 -14,-14 -5,-3 -5,3 -14,14 -9,11 -5,5 8,2 9,3 12,3)(EN: -5,0)(MG: 11,0)(LL: -14,-14)(RL: -14,14)(MR: 11,0)
name:	Bully

type:	default
para:	40 45
ship:	(SH: 15,5 12,-2 9,-2 10,-1 -8,-1 -4,-1 1,-3 -13,-9 -9,0 -15,8 1,3 -4,1 -8,1 -8,-1 -8,1 11,1)(EN: -9,0)(MG: 15,5)(LL: -13,-9)(RL: -15,8)(MR: 15,5)
name:	Metal Hero

type:	default
para:	60 55
ship:	(SH: 15,0 -1,3 -3,5 -3,9 7,10 -12,10 -6,9 -6,4 -8,0 -6,-4 -6,-9 -12,-10 7,-10 -3,-9 -3,-5 -1,-3)(EN: -8,0)(MG: 15,0)(LL: -12,10)(RL: -12,-10)(MR: 15,0)
name:	Aurora

type:	default
para:	30 75
ship:	(SH: 14,0 7,-4 0,-1 -5,-4 2,-8 0,-10 -14,-10 -5,-7 -14,0 -5,7 -14,10 0,10 2,8 -5,4 0,1 7,4)(EN: -14,0)(MG: 14,0)(LL: -14,10)(RL: -14,-10)(MR: 14,0)
name:	Dalt Wisney

type:	default
para:	65 55
ship:	(SH: 8,0 5,8 3,12 0,15 0,0 -8,3 -8,-3 0,0 0,-15 3,-12 5,-8)(EN: -8,0)(MG: 8,0)(LL: -8,3)(RL: -8,-3)(MR: 8,0)
name:	Psycho

type:	default
para:	30 40
ship:	(SH: 15,0 5,2 3,8 2,2 -9,2 -10,4 -12,2 -14,4 -14,-4 -12,-2 -10,-4 -9,-2 2,-2 3,-8 5,-2)(EN: -14,0)(MG: 15,0)(LL: -14,4)(RL: -14,-4)(MR: 15,0)
name:	Gorgon

type:	default
para:	50 50
ship:	(SH: 15,0 14,4 10,5 5,2 -7,3 -7,6 5,8 -9,8 -9,-8 5,-8 -7,-6 -7,-3 5,-2 10,-5 14,-4)(EN: -9,0)(MG: 15,0)(LL: -9,8)(RL: -9,-8)(MR: 15,0)
name:	Pompel

type:	default
para:	50 50
ship:	(SH: 15,0 13,-2 9,-3 3,-3 -3,-3 -5,-2 -13,-2 -15,-3 -15,3 -13,2 -5,2 -3,3 -3,-8 -3,8 -3,3 8,3)(EN: -15,0)(MG: 15,0)(LL: -15,3)(RL: -15,-3)(MR: 15,0)
name:	Pilt

type:	default
para:	20 40
ship:	(SH:)(EN: -8,0)(MG: 14,0)(LL: -8,8)(RL: -8,-8)(MR: 14,0)
name:	Sparky

type:	default
para:	85 60
ship:	(SH: 8,0 8,-6 6,-8 0,-7 5,-6 -14,-4 5,-2 0,-1 5,0 0,1 5,2 -14,4 5,6 0,7 6,8 8,6 8,0)(EN: 5,0)(MG: 8,0)(LL: -14,-4)(RL: -14,4)(MR: 8,0)
name:	Cobra

type:	default
para:	70 20
ship:	(SH: 14,2 14,4 2,10 -5,10 -10,8 -12,3 -12,-3 -10,-8 -5,-10 9,-11 10,-8 7,-8 14,-4 14,-2 4,-2 4,2)(EN: -12,0)(MG: 14,2)(LL: -12,3)(RL: -12,-3)(MR: 14,2)
name:	Falcon

type:	default
para:	25 35
ship:	(SH: 15,0 10,-5 4,-8 7,-2 7,2 4,8 6,0 4,-8 -10,-8 -10,8 -10,-8 -15,-7 -15,7 -10,8 4,8 10,5)(EN: -15,0)(MG: 15,0)(LL: -15,-7)(RL: -15,7)(MR: 15,0)
name:	Boson

type:	default
para:	40 40
ship:	(SH: 4,0 2,4 -5,11 10,12 -8,12 -4,6 -2,0 -4,-6 -8,-12 10,-12 -5,-11 2,-4)(EN: -2,0)(MG: 4,0)(LL: -8,12)(RL: -8,-12)(MR: 4,0)
name:	Blazy

type:	default
para:	15 93
ship:	(SH: 15,0 7,4 11,1 -4,3 3,5 -7,10 -9,2 -9,-2 -7,-10 3,-5 -4,-3 11,-1 7,-4)(EN: -9,0)(MG: 15,0)(LL: -9,2)(RL: -9,-2)(MR: 15,0)
name:	Pixie

type:	default
para:	5 98
ship:	(SH: 3,0 6,5 8,10 5,11 1,10 -1,8 -4,9 -8,6 -5,0 -8,-6 -4,-9 -1,-8 1,-10 5,-11 8,-10 6,-5)(EN: -5,0)(MG: 3,0)(LL: -8,-6)(RL: -8,6)(MR: 3,0)
name:	Wimpy

type:	default
para:	30 40
ship:	(SH: 15,3 5,3 5,1 4,-1 0,-1 -2,-8 -8,-8 -5,3 -6,6 -8,7 -7,8 -4,7 10,7 12,8 14,8 15,7 15,3)(EN: -6,0)(MG: 15,3)(LL: -8,7)(RL: -8,-8)(MR: 15,3)
name:	Bonnie

type:	default
para:	40 45
ship:	(SH: 14,0 5,5 6,2 0,2 0,8 -13,8 -13,4 -4,4 -6,0 -4,-4 -13,-4 -13,-8 0,-8 0,-2 6,-2 5,-5)(EN: -6,0)(MG: 14,0)(LL: -13,8)(RL: -13,-8)(MR: 14,0)
name:	Clyde

type:	default
para:	70 70
ship:	(SH: 12,-7 12,-12 5,-12 2,-10 1,-5 -9,-4 -11,2 -8,8 -3,11 3,11 9,8 11,2 13,0 12,-3 12,-7 7,-7)(EN: -8,2)(MG: 12,-7)(LL: -8,8)(RL: -9,-4)(MR: 12,-7)
name:	Neuro

