xpilot.shipShape: (NM:3dPylonShip1)(AU:Lewis Beard)(SH: -1,7 -15,11 -9,5 -6,-7 -9,-14 4,-8 4,-5 -1,-6 -9,-14 -1,-6 -4,7 -1,7 4,-5 4,-7 15,0 3,-3 15,0 14,2 0,4 -1,7 -15,11 -1,7)(EN: -15,11)(MG: 15,0)(LG: -1,7)(RG: 4,-5)(LL: -15,11 -9,5)(RL: -9,-14 -6,-7)(MR: 15,0)
xpilot.shipShape: (NM:??)(AU:Unknown)(SH: 15,0 0,8 -8,0 0,-8)(EN: -8,0)(MG: 15,0)(LG: 2,7 0,8 4,6)(RG: 0,-8 2,-7 4,-6)(LL: 0,8)(RL: 0,-8)(MR: 15,0 0,8 0,-8)
xpilot.shipShape: (NM:A)(AU:Kyle Hor)(SH: 12,0, -10,8 -2,5, -2,-5 -10,-8)(MG: 12,0)(MR: 12,0)(RL: -10,-8)(LL: -10,8)(EN: -2,0)
xpilot.shipShape: (NM:A_Bold)(AU:Kyle Hor)(SH: 15,2 -9,8 -9,4 -1,2 -1,-2 -5,-3 -5,3 9,0 -9,-4 -9,-8 15,-2)(MG: 15,0)(MR: 15,0)(RL: -9,-8)(LL: -9,8)(EN: -5,0)
xpilot.shipShape: (NM:AncientOne)(AU:Lewis Beard)(SH: 13,4 13,-4 10,-5 10,-6 8,-2 4,-2 4,-13 6,-13 6,-11 8,-11 8,-15 1,-15 1,-2 -10,-2 -10,-9 -7,-12 -14,-9 -14,9 -7,12 -10,9 -10,2 1,2 1,15 4,15)(EN: -14,0)(MG: 13,0)(LG: 4,15 8,11)(RG: 8,-15 8,-11)(LL: -7,12)(RL: -7,-12)(MR: 8,-13)
xpilot.shipShape: (NM:Andy)(AU:Unknown)(SH: 15,0 -9,8 0,0 -9,-8)(EN: 0,0)(MG: 15,0)(LG: 13,1 10,2 7,3)(RG: 13,-1 10,-2 7,-3)(LL: -9,8)(RL: -9,-8)(MR: 15,0 13,1 13,-1)
xpilot.shipShape: (NM:Asteroids)(AU:Max Corbin)(SH: 15,0 0,12 -9,8 5,0 -9,-8 0,-12)(EN: 5,0)(MG: 15,0)(LG: 0,12 5,8 10,4)(RG: 0,-12 10,-4 5,-8)(LL: -9,8)(RL: -9,-8)(MR: 15,0)
xpilot.shipShape: (NM:AtomicCauldron1)(AU:Lewis Beard)(SH: -5,-11 -10,-5 -10,5 -14,-11 -10,-5 -14,11 -10,5 -5,11 -1,13 4,12 8,8 11,11 13,7 13,-7 11,-11 8,-5 8,5 11,11 6,5 6,-5 11,-11 8,-8 4,-12 -1,-13)(EN: -12,0)(MG: 8,0)(LG: 8,1 8,2 8,3)(RG: 8,-1 8,-2 8,-3)(LL: -14,11 -14,-11 -12,0)(RL: 6,0 8,8 8,-8)(MR: 8,4 8,-4 10,-9 10,9)
xpilot.shipShape: (NM:Avatar1)(AU:Unknown)(SH: 9,-2 9,0 -4,0 0,0 0,-4 -4,-4 0,-4 0,-8 -13,-8 -13,8 0,8 0,4 -4,4 9,4)(EN: -13,0)(MG: 9,-2)(LL: -13,8)(RL: -13,-8)(MR: 9,-2)
xpilot.shipShape: (NM:Backwards)(AU:Unknown)(SH: 8,0 8,9 -15,0 8,-9)(EN: -15,0)(MG: 8,0)(LG: 8,9 8,6 8,3)(RG: 8,-3 8,-6 8,-9)(LL: 8,9)(RL: 8,-9)(MR: 8,0 8,9 8,-9)
xpilot.shipShape: (NM:BatPlane)(AU:John Marley)(SH: 11,2 9,1 9,-1 11,-2 4,-3 6,-5 10,-6 5,-13 -2,-14 -9,-11 -2,-9 -5,-6 -3,-3 -10,0 -3,3 -5,6 -4,9 -9,11 -2,14 5,13 10,6 6,5 4,3)(EN: -7,0)(MG: 9,0)(LG: 9,7 7,9 9,2)(RG: 9,-7 9,-2 7,-9)(LL: -9,11)(RL: -9,-11)(MR: 5,-4 5,4 4,-13 4,13)
xpilot.shipShape: (NM:Batman)(AU:Unknown)(SH: 10,0 7,2 10,6 4,10 -2,10 -10,6 -6,2 -15,0 -6,-2 -10,-6 -2,-10 4,-10 10,-6 7,-2)(EN: -15,0)(MG: 10,0)(LG: 10,6)(RG: 10,-6)(LL: -10,6)(RL: -10,-6)(MR: 10,0)
xpilot.shipShape: (NM:BionicPope1)(AU:Doug Roussel and Lewis Beard)(SH: -15,0 -15,-11 -13,-4 -15,-3 2,-8 13,-3 2,0 13,3 2,8 -15,3 -13,4 -15,11 -15,0 -5,0 -8,0 -8,3 -8,-3 -8,0)(EN: -15,0)(MG: 2,0)(LG: 13,3)(RG: 13,-3)(LL: -8,3)(RL: -8,-3)(MR: 13,3)
xpilot.shipShape: (NM:Bird of Prey)(AU:John Norlin)(SH: 15,0 10,5 7,2 -10,5 -5,15 5,15 -10,15 -15,5 -15,-5 -10,-15 5,-15 -5,-15 -10,-5 7,-2 10,-5)(EN: -15,0)(MG: 15,0)(LG: 5,15)(RG: 5,-15)(LL: -10,15)(RL: -10,-15)(MR: 15,0)
xpilot.shipShape: (NM:BirdOfPrey)(AU:Nick Vargish)(SH: 9,4 8,1 -3,1 -1,13 6,14 -7,14 -10,4 -10,-4 -7,-14 6,-14 -1,-13 -3,-1 8,-1 9,-4 14,-1 14,1)(EN: -10,0)(MG: 14,0)(LG: 6,14)(RG: 6,-14)(LL: -7,14)(RL: -7,-14)(MR: 14,0)
xpilot.shipShape: (NM:BlueBottle)(AU:Darel)(SH: 15,0 -15,-15 0,0 -15,15 -12,8 -15,0 -12,-8 -15,-15 15,-7 -15,0 15,7 -15,15)(EN: -15,0)(MG: 15,0)(LG: 15,7)(RG: 15,-7)(LL: -15,-15)(RL: -15,15)(MR: 15,0)
xpilot.shipShape: (NM:Boner)(AU:Raphael Quinet)(SH: 6,8 -8,-6 -9,-5 -11,-6 -11,-8 -9,-9 -8,-11 -6,-11 -5,-9 -6,-8 8,6 9,5 11,6 11,8 9,9 8,11 6,11 5,9)(EN: -11,-7)(MG: 11,7)(LL: 9,9)(RL: -9,-9)(MR: -6,-11 8,11)
xpilot.shipShape: (NM:BroadSword1)(AU:Lewis Beard)(SH: -6,-3 11,-2 15,0 10,2 -6,3 -6,-8 -7,-10 -7,-8 -7,5 -7,9 -6,7 -6,-8 -7,-10 -7,-8 -7,-1 -12,-1 -14,-2 -15,0 -14,2 -12,1 -7,1)(EN: -15,0)(MG: 15,0)(LL: -7,9)(RL: -7,-10)(MR: 15,0)
xpilot.shipShape: (NM:BubbleCar)(AU:Lewis Beard)(SH: -13,0 -15,4 -5,1 11,1 12,4 15,0 4,-5 11,-12 3,-5 -6,-5 -10,-13 -7,-5 -13,0 -15,4 -10,9 -1,11 10,7 12,4 11,1 -5,1 -15,4)(EN: -13,0)(MG: 15,0)(LG: 13,3)(RG: 11,-2)(LL: -1,11 -15,4)(RL: -10,-13 -10,-13)(MR: 15,0 -1,11)
xpilot.shipShape: (NM:BubbleCar2)(AU:Lewis Beard)(SH: -1,6 5,7 11,5 15,-2 5,-9 3,-13 6,-14 1,-14 3,-9 -11,-7 -13,2 -15,2 -15,-2 -12,-2 -15,8 -6,8 -1,-1 11,-1 12,3 14,0 11,-3 -3,-3 -6,2)(EN: -15,0)(MG: 6,-14)(LG: 11,5)(RG: 14,0)(LL: -15,8 -11,-7)(RL: 5,-9 -6,8)(MR: 6,-14)
xpilot.shipShape: (NM:Butterfly)(AU:Lewis Beard)(SH: 0,0 0,8 -15,15 0,2 0,-8 -15,-15 0,-2 0,0 0,8 12,15 0,2 0,-2 12,-15 0,-8 0,0 0,2 -12,7 0,0 0,-2 -12,-7 0,0)(EN: 0,0)(MG: 0,0)(LG: 0,1 0,2 12,-15)(RG: 0,-1 0,-2 12,15)(LL: -15,15 0,8 12,15)(RL: -15,-15 0,-8 12,-15)(MR: 12,15 12,-15)
xpilot.shipShape: (NM:Capitalist)(AU:Dave Schaefer)(SH: -6,8 -9,4 -9,-4 -6,-8 -3,-8 3,8 6,8 9,4 9,-4 6,-8 9,-4 9,0 12,0 -12,0 -9,0 -9,4 -6,8)(EN: 0,0)(MG: 12,0)(LG: 8,5)(RG:8,-5)(LL: -9,4)(RL: -9,-4)(MR: 5,6 -5,-6)
xpilot.shipShape: (NM:Cat Logo)(AU:John Norlin)(SH: 7,7 0,10 -7,7 -10,2 -10,-2 -7,-7 0,-10 7,-7 10,-1 1,-1 1,-9 -1,-9 -1,9 1,9 1,1 10,1)(EN: -10,0)(MG: 10,1)(LG: 7,7)(RG: 7,-7)(LL: -10,2)(RL: -10,-2)(MR: 10,1 10,-1)
xpilot.shipShape: (NM:Catamaran)(AU:Unknown)(SH: 12,6 9,9 -9,9 -9,3 -3,3 -3,-3 -9,-3 -12,0 -12,-12 -9,-9 9,-9 12,-6 9,-3 3,-3 3,3 9,3)(EN: -12,-6)(MG: 12,6)(LG: 12,6)(RG: 12,-6)(LL: -9,9)(RL: -12,-12)(MR: 12,6 12,-6)
xpilot.shipShape: (NM:Cbzone)(AU:Raphael Quinet)(SH: 8,0 0,3 -8,0 0,-3 8,0 0,8 -8,0 0,-8 8,0 0,15 -8,0 0,-15 8,0 12,0)(EN: -8,0)(MG: 12,0)(LL: 0,15)(RL: 0,-15)(MR: 12,0)
xpilot.shipShape: (NM:Clarke)(AU:Bill Clarke)(SH: 6,0 5,-4 2,-6 3,-11 8,-11 6,-13 -8,-13 -10,-10 -6,0 -10,10 -8,13 6,13 8,11 3,11 2,6 5,4)(MR: 6,0 8,11 8,-11)(EN: -6,0)(MG: 6,0)(LG: -8,13 8,11 5,4)(RG: -8,-13 8,-11 5,-4)(LL: -8,13 6,13)(RL: -8,-13 6,-13)
xpilot.shipShape: (NM:Corsairre)(AU:Max Corbin)(SH: 15,0 -7,6 0,12 -11,12 -9,2 -9,-2 -11,-12 0,-12 -7,-6)(EN: -9,0)(MG: 15,0)(LG: 0,12)(RG: 0,-12)(LL: -11,12)(RL: -11,-12)(MR: 15,0)
xpilot.shipShape: (NM:Corvette)(AU:Max Corbin)(SH: 15,0 -7,6 0,12 -9,2 -9,-2 0,-12 -7,-6)(EN: -9,0)(MG: 15,0)(LG: 0,12)(RG: 0,-12)(LL: -9,2)(RL: -9,-2)(MR: 15,0)
xpilot.shipShape: (NM:CosmicCrucifix1)(AU:Lewis Beard)(SH: -15,0 -13,2 -12,1 4,1 4,9 3,10 5,12 7,10 6,9 6,1 12,1 13,2 15,0 13,-2 12,-1 6,-1 6,-9 7,-10 5,-12 3,-10 4,-9 4,-1 -12,-1 -13,-2)(EN: -15,0)(MG: 15,0)(LG: 13,2 7,10 5,12)(RG: 13,-2 7,-10 5,-12)(LL: 5,-7 0,0 9,0)(RL: -7,0 5,7 5,0)(MR: 13,0 11,0 5,10 5,-10)
xpilot.shipShape: (NM:Crux)(AU:Raphael Quinet)(SH: 14,0 0,0 0,8 0,-8 0,0 -8,0 -8,0 -8,0)(EN: -8,0)(MG: 14,0)
xpilot.shipShape: (NM:Crystalline)(AU:Lewis Beard)(SH: -13,0 -11,-13 -10,8 -8,-13 -11,0 7,-2 15,-3 6,1 15,0 4,0 -8,7 -5,15 10,11 7,11 8,13 4,15 -8,13 2,10 -12,3 -13,0 -15,9 -15,3 -13,0)(EN: -13,0)(MG: 8,13)(LG: 4,15)(RG: 10,11)(LL: 4,15)(RL: 15,0)(MR: 15,0)
xpilot.shipShape: (NM:CyberFrond)(AU:Lewis Beard)(SH: -15,0 4,14 -6,2 8,10 0,2 9,6 5,2 9,0 5,-2 9,-6 0,-2 8,-10 -6,-2 4,-14 -15,0 -12,5 -15,7 -15,-7 -12,-5 -15,0 -7,10 -15,0 -7,-10 -15,0)(EN: -15,0)(MG: -15,0)(LG: 9,6 8,10 4,14)(RG: 9,-6 8,-10 4,-14)(LL: -15,7 -7,10 4,14)(RL: -15,-7 -7,-10 4,-14)(MR: 8,10 8,-10 4,14 4,-14)
xpilot.shipShape: (NM:Cylon Attack Ship)(AU:Unknown)(SH: 10,0 10,7 5,14 -5,14 -10,7 -10,-7 -5,-14 5,-14 10,-7 10,0 5,5 2,7 5,0 2,-7 5,-5)(EN: -10,0)(MG: 10,0)(LG: 10,7)(RG: 10,-7)(LL: -10,7)(RL: -10,-7)(MR: 10,0)
xpilot.shipShape: (NM:CylonI)(AU:KnightWhoSaysNI!)(SH: 9,-2 11,0 9,2 8,6 2,6 10,6 8,6 5,9 2,10 -2,10 -8,7 -3,6 0,3 0,-3 -3,-6 -8,-7 -2,-10 2,-10 5,-9 8,-6 10,-6 2,-6 8,-6)(EN: 0,0)(MG: 11,0)(LG: 10,6 5,9)(RG: 10,-6 5,-9)(LL: -8,7 0,0 2,10)(RL: -8,-7 2,-10 0,0)(MR: 9,2 9,-2 7,7 7,-7)
xpilot.shipShape: (NM:Dagger)(AU:Nick Vargish)(SH: 15,0 5,2 -4,2 -4,5 -1,8 -5,8 -8,5 -8,-5 -5,-8 -1,-8 -4,-5 -4,-2 5,-2)(EN: -8,0)(MG: 15,0)(LG: -1,8)(RG: -1,-8)(LL: -8,5)(RL: -8,-5)(MR: 15,0)
xpilot.shipShape: (NM:Dam%&@)(AU:Dave Schaefer)(SH: -9,8 3,3 15,0 3,-3 -9,-8 3,-3 3,3)(EN: 3,0)(MG: 15,0)(LG: 3,3)(RG:3,-3)(LL: -9,8)(RL: -9,-8)(MR: 3,3 3,-3)
xpilot.shipShape: (NM:Dart of Destruction)(AU:Lewis Beard)(SH: -15,0 -15,2 0,8 0,15 15,0 0,-15 0,-8 -15,-2 -15,0 0,6 15,0 0,-6 -15,0 0,4 15,0 0,-4 -15,0 0,2 15,0 0,-2 -15,0 -15,10 -8,0 -15,-10)(EN: -15,0)(MG: -15,-10)(LG: 2,13 4,11 6,9)(RG: 8,7 10,5 12,3)(LL: 8,-7 10,-5 12,-3)(RL: 14,-1 15,0 14,1)(MR: 0,-15 2,-13 4,-11 6,-9)
xpilot.shipShape: (NM:David)(AU:Unknown)(SH: 15,0 13,-5 10,-10 5,-13 0,-15 -5,-13 -10,-10 -13,-5 0,0 -13,5 -10,10 -5,13 0,15 5,13 10,10 13,5)(EN: 0,0)(MG: 15,0)(LL: -13,5)(RL: -13,-5)(MR: 15,0)
xpilot.shipShape: (NM:Death Leaf)(AU:Lewis Beard)(SH: 14,0 5,4 5,5 8,8 -5,5 0,13 0,14 -1,14 -8,5 -10,11 -15,1 -15,-1 -10,-11 -8,-5 8,-8 5,-4 5,-3 14,0)(EN: -15,0)(MG: 14,0)(LG: 8,8)(RG: 8,-8)(LL: -10,11)(RL: -10,-11)(MR: 0,14)
xpilot.shipShape: (NM:DeathHandle)(AU:Keith Blackwell)(SH: 0,9 3,9 6,8 10,8 7,7 11,0 7,-7 10,-8 6,-8 3,-9 0,-9 -3,-5 -1,-5 1,-7 5,-5 6,-1 -7,-2 -9,0 -7,2 6,1 5,5 1,7 -1,5 -3,5)(EN: -9,0)(MG: 11,0)(LG: 8,-5 10,-8 9,-3)(RG: 8,5 10,8 9,3)(LL: -7,2 -1,-5 0,9)(RL: -7,-2 -1,5 0,-9)(MR: 10,1 10,-1 9,3 9,-3)
xpilot.shipShape: (NM:Diamond)(AU:Unknown)(SH: 15,0 0,12 -9,0 0,-12)(MG: 15,0)(MR: 15,0)(LL: 0,12)(RL: 0,-12)(EN: -9,0)
xpilot.shipShape: (NM:Disco)(AU:Raphael Quinet)(SH: -9,0 -8,5 -5,8 0,9 5,8 8,5 9,1 14,0 9,-1 8,-5 5,-8 0,-9 -5,-8 -8,-5)(EN: -9,0)(MG: 14,0)(LG: 5,8)(RG: 5,-8)(LL: 0,9)(RL: 0,-9)(MR: 14,0)
xpilot.shipShape: (NM:Dish)(AU:John Norlin)(SH: 14,0 -6,1 -5,5 0,7 6,6 0,8 -6,6 -8,1 -8,-1 -6,-6 0,-8 6,-6 0,-7 -5,-5 -6,-1)(EN: -8,0)(MG: 14,0)(LG: 6,6)(RG: 6,-6)(LL: -8,1)(RL: -8,-1)(MR: 14,0)
xpilot.shipShape: (NM:Diving animal)(AU:Raphael Quinet)(SH: 11,0 8,2 1,-4 0,-7 -2,-9 0,-4 -5,-2 -9,2 -9,-2 -5,2 0,4 -2,9 0,7 1,4 8,-2)(EN: -8,0)(MG: 11,0)(LL: -2,9 -2,-9)(RL: 8,-1 8,1)(MR: 11,0)
xpilot.shipShape: (NM:Double triangle)(AU:Unknown)(SH: 15,0 -10,10 -8,4 -10,0 6,5 6,-5 -10,0 -8,-4 -10,-10)(EN: -10,0)(MG: 15,0)(LG: 6,5)(RG: 6,-5)(LL: -10,10)(RL: -10,-10)(MR: 15,0)
xpilot.shipShape: (NM:Dr. Thelopius)(AU:Lewis Beard)(SH: 4,14 15,8 15,-8 4,-14 -15,-6 -15,6 4,14 4,4 0,4 4,7 4,-7 0,-4 4,-4 4,-12 13,-7 13,7 4,12 -13,5 -13,0 -8,4 -8,-4 -13,0 -13,-5 4,-12)(EN: -15,0)(MG: 15,0)(LG: 7,12 6,13 4,14)(RG: 7,-12 6,-13 4,-14)(LL: 4,7 0,4 4,4)(RL: 4,-7 0,-4 4,-4)(MR: 15,8 15,-8)
xpilot.shipShape: (NM:Dragon)(AU:WhiteDragon)(SH: 9,0 6,2 5,1 3,1 2,8 4,9 2,9 -2,13 0,7 -2,4 0,1 -5,1 -11,0 -5,-1 0,-1 -2,-4 0,-7 -2,-13 2,-9 4,-9 2,-8 3,-1 5,-1 6,-2)(EN: -11,0)(MG: 9,0)(LG: 4,9)(RG: 4,-9)(LL: -2,13)(RL: -2,-13)(MR: 9,0)
xpilot.shipShape: (NM:Dragon_Slayer)(AU:Bryan Brown)(SH: 10,0 4,3 4,1 -2,1 -10,9 -7,2 -10,0 -7,-2 -10,-9 -2,-1 4,-1 4,-3)(EN: -10,0)(MG: 10,0)(LL: -10,9)(RL: -10,-9)(MR: 10,0)
xpilot.shipShape: (NM:DustPan)(AU:Lewis Beard)(SH: 15,15 15,-15 -1,-9 -1,-4 -7,-1 -14,-1 -14,1 -7,1 -1,4 -1,9 15,15)(EN: -14,0)(MG: 15,0)(LG: 15,15 15,11)(RG: 15,-15 15,-11)(LL: -1,9)(RL: -1,-9)(MR: 15,1)
xpilot.shipShape: (NM:Eagle II)(AU:John Norlin)(SH: 12,2 7,2 7,7 -11,10 2,2 -9,2 -11,4 -11,-4 -9,-2 2,-2 -11,-10 7,-7 7,-2 9,-2 9,-4 12,-2)(EN: -11,0)(MG: 12,0)(LL: -11,10)(RL: -11,-10)(MR: 12,0)
xpilot.shipShape: (NM:Eagle)(AU:John Norlin)(SH: 12,2 7,2 7,5 -8,10 2,2 -9,2 -11,4 -11,-4 -9,-2 2,-2 -8,-10 7,-5 7,-2 9,-2 9,-4 12,-2)(EN: -11,0)(MG: 12,0)(LL: -11,4)(RL: -11,-4)(MR: 12,0)
xpilot.shipShape: (NM:Enterprise E)(AU:David E. Cooper)(SH: -1,-5 0,-9 4,-15 7,-15 12,-9 15,0 12,9 7,15 4,15 0,9 -1,5 -8,3 -6,11 0,11 -8,14 -15,11 -9,9 -15,0 -9,-9 -15,-11 -8,-14 0,-11 -6,-11 -8,-3)(EN: -8,0)(MG: 15,0)(LG: 7,15 12,9 -8,14)(RG: 7,-15 12,-9 -8,-14)(LL: 7,0 -8,14 -8,-14)(RL: -15,0 6,15 6,-15)(MR: 6,15 6,-15 11,10 11,-10)
xpilot.shipShape: (NM:Enterprise)(AU:WhiteDragon)(SH: -3,2 -3,-2 0,-6 4,-8 10,-6 13,-2 13,2 10,6 4,8 0,6 -3,2 -7,2 -9,5 -2,6 -2,7 -15,7 -8,2 -8,-2 -15,-7 -2,-7 -2,-6 -9,-5 -7,-2 -3,-2)(EN: -8,0)(MG: 13,0)(LG: 10,6)(RG: 10,-6)(LL: -15,7)(RL: -15,-7)(MR: 13,1 13,-1)
xpilot.shipShape: (NM:Espilon)(AU:Raphael Quinet)(SH: -9,1 -12,7 -10,12 -2,13 7,11 10,8 8,12 -1,15 -11,14 -15,7 -12,0 -15,-7 -11,-14 -1,-15 8,-12 10,-8 7,-11 -2,-13 -10,-12 -12,-7 -9,-2 8,0)(EN: -12,0)(MG: 8,0)(LG: 10,-8)(RG: 10,8)(LL: -11,14 -1,15 8,12)(RL: -11,-14 -1,-15 8,-12)
xpilot.shipShape: (NM:Excelsior)(AU:Unknown )(SH: 15,0 12,6 6,9 0,6 -1,10 -8,10 -12,12 3,12 -3,0 3,-12 -12,-12 -8,-10 -1,-10 0,-6 6,-8 12,-6)(EN: -3,0)(MG: 15,0)(LG: 12,6)(RG: 12,-6)(LL: 3,12 -12,12)(RL: 3,-12 -12,-12)(MR: 15,0)
xpilot.shipShape: (NM:Fat Falcon)(AU:Raphael Quinet)(SH: -12,1 -12,-1 -10,-4 -4,-2 -3,-7 -8,-12 2,-8 4,-2 10,0 4,2 2,8 -8,12 -3,6 -4,2 -10,4 -12,1)(EN: -12,0)(MG: 10,0)(LG: 2,8)(RG: 2,-8)(LL: -8,12)(RL: -8,-12)
xpilot.shipShape: (NM:Federation)(AU:Raphael Quinet)(SH: -6,5 -4,8 0,9 4,8 6,5 7,0 6,-5 4,-8 0,-9 -4,-8 -6,-5 -3,0 -9,10 10,0 -9,-10 -6,-5 -7,0)(EN: -3,0)(MG: 10,0)(MR: 10,0)
xpilot.shipShape: (NM:Fighter)(AU:Max Corbin)(SH: 15,0 7,4 11,1 -4,3 3,5 -7,10 -9,2 -9,-2 -7,-10 3,-5 -4,-3 11,-1 7,-4)(MG: 15,0)(MR: 15,0)(LL: -9,2)(RL: -9,-2)(EN: -9,0)
xpilot.shipShape: (NM:FlatProng1)(AU:Lewis Beard)(SH: 15,-8 3,-8 2,-14 -4,-10 3,-6 15,-5 15,-8 15,5 3,6 -4,10 2,14 3,8 15,8 15,0 -15,0 15,0)(EN: 15,0)(MG: 15,0)(LG: 2,14 15,8 15,5)(RG: 2,-14 15,-8 15,-5)(LL: 2,14 -4,10 3,6)(RL: 2,-14 -4,-10 3,-6)(MR: 15,-8 15,-5 15,5 15,8)
xpilot.shipShape: (NM:FlyingEyeAgain)(AU:Nick Vargish)(SH: 8,-2 6,5 1,7 -4,3 -4,-4 3,-8 8,-2 5,-11 0,-15 -5,-12 -8,-7 -8,0 -5,8 2,15 6,5)(EN: -8,-4)(MG: 8,-2)(LL: -8,0)(RL: -8,-7)(MR: 8,-2)
xpilot.shipShape: (NM:FlyingFoil)(AU:Lewis Beard)(SH: -11,0 -5,0 -5,8 0,0 11,0 0,0 0,-8 -5,0 -11,0)(EN: -11,0)(MG: 11,0)(LG: 11,0 11,0 11,0)(RG: 11,0 11,0 11,0)(LL: -11,0 -11,0 -11,0)(RL: -11,0 -11,0 -11,0)(MR: -5,8 0,-8)
xpilot.shipShape: (NM:FlyingHotdog1)(AU:Lewis Beard)(SH: -10,2 -8,8 8,4 10,2 12,2 14,3 15,0 12,-2 -12,-2 -14,-3 -15,0 -12,2 9,2 6,0 3,1 0,-1 -4,1 -6,-1 -8,1 -10,-2 -8,-8 10,-5 12,-2 10,2)(EN: -15,0)(MG: 15,0)(LG: -8,8)(RG: -8,-8)(LL: -7,0 2,0 11,0)(RL: -9,0 0,0 9,0)(MR: 15,0)
xpilot.shipShape: (NM:FlyingHotdog2)(AU:Lewis Beard)(SH: -9,4 -8,10 8,8 10,4 12,4 15,5 15,-2 12,-4 -12,-4 -15,-5 -15,2 -12,4 9,4 6,-3 3,3 0,-2 -4,2 -6,-3 -8,3 -9,-4 -8,-10 8,-8 12,-4 10,4)(EN: -15,0)(MG: 15,0)(LG: -8,10)(RG: -8,-10)(LL: -7,0 2,0 11,0)(RL: -9,0 0,0 9,0)(MR: 15,-2)
xpilot.shipShape: (NM:Forward Jellyfish)(AU:Keith Blackwell)(SH: 9,0 8,3 1,9 -4,9 1,7 5,1 -2,5 -9,6 -11,5 -9,5 -1,3 0,0 -9,0 0,0 -1,-3 -9,-5 -11,-5 -9,-6 -2,-5 5,-1 1,-7 -4,-9 1,-9 8,-3)(EN: -9,0)(MG: 9,0)(LG: 1,-9 4,-6 8,-3)(RG: 1,9 4,6 8,3)(LL: -11,5 -2,5 -4,-9)(RL: -11,-5 -2,-5 -4,9)(MR: 8,1 8,-1 8,-2 8,2)
xpilot.shipShape: (NM:FreeForm-1)(AU:DarkApprentice)(SH: -10,0 -4,1 0,4 2,7 2,9 0,12 6,8 10,2 10,-2 6,-8 0,-12 2,-9 2,-7 0,-4 -4,-1 -10,0 0,12 0,4 -4,1 -4,-1 0,-4 0,-12 -10,0 -4,0)(EN: -10,0)(MG: 10,0)(LG: 6,8)(RG: 6,-8)(LL: 0,12)(RL: 0,-12)(MR: 10,0)
xpilot.shipShape: (NM:GX-1)(AU:John E. Norlin)(SH: 11,0 0,1 -2,0 0,-1 2,0 0,1 2,2 -1,4 -5,3 -11,8 -11,6 -10,6 -3,0 -11,1 -10,0 -11,-1 -3,0 -10,-6 -11,-6 -11,-8 -5,-3 -1,-4 2,-2 0,-1)(EN: -10,0)(MG: 11,0)(LG: -1,4 2,2)(RG: 2,-2 -1,-4)(LL: -11,8 -1,4 -5,3)(RL: -11,-8 -5,-3 -1,-4)(MR: 11,0 -1,4 -1,-4)
xpilot.shipShape: (NM:Gasket)(AU:Doug Roussel and Lewis Beard)(SH: -14,-12 -14,12 14,0 -14,-12 0,-6 0,6 -14,0 0,-6 0,0 7,3 7,-3 0,0 0,6 -7,9 -7,3 -14,6 -7,9 0,6 0,-6 -7,-9 -7,-3 -14,-6 -7,-9 -14,-12)(EN: -14,0)(MG: 14,0)(LG: 7,3 0,6 -7,9)(RG: 7,-3 0,-6 -7,-9)(LL: -14,12 14,0 -14,-12)(RL: -14,0 0,6 0,-6)(MR: 14,0 -14,12 -14,-12)
xpilot.shipShape: (NM:Hail Satan)(AU:Luke Hallard)(SH: 15,0 12,1 11,0 -15,0 3,0 8,9 12,8 8,8 3,0 8,-9 12,-8 8,-8 3,0 11,0 12,-1)(MG: 15,0)(LG: 12,8)(RG: 12,-8)(LL: 12,8)(RL: 12,-8)(MR: 12,8 12,-8)(EN: -15,0)
xpilot.shipShape: (NM:Hammer)(AU:DarkApprentice)(SH: 2,12 6,8 7,5 6,3 5,2 5,1 -11,1 -11,-1 5,-1 5,-2 7,-3 6,-6 6,-7 7,-8 5,-10 11,-10 9,-8 10,-7 10,-6 9,-3 10,-1 10,3 9,6 7,9)(EN: -11,0)(MG: 10,0)(LG: 7,9)(RG: 11,-10)(LL: 2,12)(RL: 5,-10)(MR: 10,0)
xpilot.shipShape: (NM:HammerJet)(AU:Lewis Beard)(SH: -15,15 -15,10 -14,10 -14,2 -15,0 -14,-2 -14,-10 -15,-10 -15,-15 -12,-15 1,-2 13,-2 13,-15 15,-15 15,15 13,15 13,2 1,2 -12,15 -15,15)(EN: -15,0)(MG: 15,11)(LG: 15,14)(RG: 15,-11)(LL: -15,14)(RL: -15,11)(MR: -11,-14)
xpilot.shipShape: (NM:HolloH)(AU:Raphael Quinet)(SH: -6,-1 11,0 -6,1 -9,9 5,0 -9,-9)(EN: 5,0)(MG: 11,0)(LL: -9,9)(RL: -9,-9)(MR: -3,5 -3,-5)
xpilot.shipShape: (NM:HolyHandgrenade)(AU: Suicidal/HolyHandgrenade)(SH: 15,-2 15,2 10,2 10,4 11,5 5,5 6,4 6,2 2,2 -3,8 -9,8 -15,3 -15,-3 -9,-8 -3,-8 2,-2 6,-2 6,-4 5,-5 11,-5 10,-4 10,-2 15,-2)(EN: 15,0)(MG: 15,0)(LG: -15,-2)(RG: -15,2)(MR: 15,0) 
xpilot.shipShape: (NM:HornOfPlenty)(AU:LB)(SH: -15,0 15,15 15,-15 -15,0 1,8 -15,15 -8,4 -15,0 -8,-4 -15,-15 1,-8 -15,0)(EN: -15,0)(MG: 15,0)(LG: 15,5 15,10 15,15)(RG: 15,-5 15,-10 15,-15)(LL: -15,15 -15,0 -15,-15)(RL: -15,15 -15,0 -15,-15)(MR: 15,0 15,15 15,-15)
xpilot.shipShape: (NM:HoverCraft1)(AU:Lewis Beard)(SH: -12,2 6,2 9,4 14,0 5,0 1,-3 -3,0 -7,-3 -11,0 -11,-5 -8,-8 1,-8 3,-5 3,-10 -8,-10 -15,-3 -15,2 -13,7 -9,11 -4,13 2,11 -4,12 -9,10 -12,6)(EN: -15,0)(MG: 2,11)(LG: 2,11 2,11 2,11)(RG: 2,11 2,11 2,11)(LL: 1,-8 -3,-8 -8,-8)(RL: -8,-10 -3,-10 2,-10)(MR: 3,-5 3,-10)
xpilot.shipShape: (NM:I saw you)(AU:Raphael Quinet)(SH: 11,11 14,8 13,7 10,7 10,4 7,4 7,1 4,1 4,-2 1,-2 1,-5 -2,-5 -1,-9 -8,-2 -11,-3 -12,-6 -5,-13 -2,-12 -1,-9 -7,-3 -8,-4 -3,-9 -5,-11 -10,-6)(EN: -8,-9)(MG: 10,4)(LG: 13,7)(RG: 7,1 4,-2 1,-5)(LL: 13,7)(RL: 1,-5 10,4)(MR: 1,-5 7,1 13,7)
xpilot.shipShape: (NM:Ichthyoid)(AU:Lewis Beard)(SH: 15,0 12,-4 5,-8 -1,-6 -13,11 -9,8 -4,3 -1,-3 5,-5 10,0 5,5 -1,3 -4,-3 -9,-8 -13,-11 -1,6 5,8 12,4 15,0)(EN: -5,0)(MG: 15,0)(LG: 14,1 13,2 12,4)(RG: 14,-1 13,-2 12,-4)(LL: -13,11 -10,7 -7,3)(RL: -13,-11 -10,-7 -7,-3)(MR: 15,0 -13,11 -13,-11)
xpilot.shipShape: (NM:Illuminated Master)(AU:Lewis Beard)(SH: -3,0 -3,9 -15,15 -15,-15 -3,-9 -3,0 1,0 1,7 15,0 1,-7 1,0 3,0 4,2 6,4 8,2 9,0 8,-2 6,-4 4,-2 3,0)(EN: -15,0)(MG: 15,0)(LG: 9,3 1,7 -9,12)(RG: 9,-3 1,-7 -9,-12)(LL: -15,15 -3,9 9,0)(RL: -15,-15 -3,-9 3,0)(MR: 15,0 -15,15 -15,-15)
xpilot.shipShape: (NM:Jetsons)(AU:Unknown )(SH: 15,0 -1,2 -9,7 -12,13 -12,14 -12,6 -4,2 -13,0 -4,-2 -12,-6 -12,-14 -12,-13 -9,-7 -1,-2)(EN: -13,0)(MG: 15,0)(LL: -12,14)(RL: -12,-14)(MR: 15,0)
xpilot.shipShape: (NM:Katana2)(AU:Steve Wong)(SH: 15,0 2,2 -2,4 6,4 -2,4 -4,6 10,7 -7,8 -10,10 -7,6 -7,2 -10,5 -10,0 -10,-5 -7,-2 -7,-6 -10,-10 -7,-8 10,-7 -4,-6 -2,-4 6,-4 -2,-4 2,-2)(EN: -10,0)(MG: 15,0)(LG: 10,7 6,4 2,2)(RG: 10,-7 6,-4 2,-2)(LL: -7,5 -7,-5)(RL: -10,5 -10,-5)(MR: 6,4 6,-4)
xpilot.shipShape: (NM:Khazwingian I)(AU:Keith Blackwell)(SH: -5,1 -6,3 7,3 -6,4 -4,9 3,9 -4,9 -10,4 -8,0 -10,1 -10,-1 -8,0 -10,-4 -4,-9 3,-9 -4,-9 -6,-4 7,-3 -6,-3 -5,-1 10,0)(EN: -10,0)(MG: 10,0)(LG: 7,-3 3,-9 7,3)(RG: 7,3 3,9 7,-3)(LL: -4,9 -4,9)(RL: -4,-9 -4,-9)(MR: 10,0 3,9 3,-9)
xpilot.shipShape: (NM:Khazwingian II)(AU:Keith Blackwell)(SH: -5,1 -6,3 7,3 -6,4 -4,9 3,9 -4,9 -7,4 -8,0 -10,1 -10,-1 -8,0 -7,-5 -4,-9 3,-9 -4,-9 -6,-4 7,-3 -6,-3 -5,-1 10,0)(EN: -10,0)(MG: 10,0)(LG: 7,-3 3,-9 7,3)(RG: 7,3 3,9 7,-3)(LL: -4,9 -4,9 -7,4)(RL: -4,-9 -4,-9 -7,-5)(MR: 3,9 3,-9 7,3 7,-3)
xpilot.shipShape: (NM:Khazwingian III)(AU:Keith Blackwell)(SH: -5,1 -6,3 7,3 -6,4 -4,9 3,9 -4,9 -7,4 -8,3 -4,0 -10,1 -10,-1 -4,0 -8,-3 -7,-5 -4,-9 3,-9 -4,-9 -6,-4 7,-3 -6,-3 -5,-1 10,0)(EN: -10,0)(MG: 10,0)(LG: 7,-3 3,-9 7,3)(RG: 7,-3 3,9 7,3)(LL: -4,9 -4,9 -7,4)(RL: -4,-9 -4,-9 -7,-5)(MR: 3,9 3,-9 7,3 7,-3)
xpilot.shipShape: (NM:Kill4Peace1)(AU:Lewis Beard)(SH: -3,-2 -7,-14 -14,-14 -7,-2 -15,-2 -15,2 -10,2 -12,4 -9,4 -7,2 7,2 7,10 10,10 10,2 15,2 15,-2 10,-2 10,-10 7,-10 7,-2 -1,-2 -3,-2 0,-7 -4,-4)(EN: -15,0)(MG: 15,0)(LG: 10,10 10,7 10,4)(RG: 10,-10 10,-7 10,-4)(LL: -8,0 0,0 8,0)(RL: -9,-12 -7,-8 -6,-4)(MR: -7,-14 10,10 10,-10 15,0)
xpilot.shipShape: (NM:Klingon)(AU:Unknown)(SH: 15,0 12,3 -3,1 -7,5 -4,12 5,14 -6,14 -15,5 -12,0 -15,-5 -7,-14 5,-14 -4,-12 -7,-5 -3,-1 12,-3)(EN: -12,0)(MG: 15,0)(LG: 5,14)(RG: 5,-14)(LL: -15,5)(RL: -15,-5)(MR: 15,0)
xpilot.shipShape: (NM:Krull)(AU:Lewis Beard)(SH: 0,0 15,0 13,6 6,0 0,0 5,12 2,14 4,11 0,0 -13,8 -14,4 -12,7 0,0 -11,-10 -8,-13 -12,-11 0,0 6,-13 10,-11 6,-12 0,0)(EN: 0,0)(MG: 15,0)(LG: 5,12)(RG: 10,-11)(LL: 2,14 -13,8 4,11)(RL: -8,-13 -12,-11 6,-13)(MR: 13,5)
xpilot.shipShape: (NM:L.O.B.S.)(AU:Jesper Gradin)(SH: 10,2 3,0 8,-7 5,-8 1,8 -2,7 3,0 8,7 5,8 1,-8 -2,-7 3,0 -12,0 3,0 10,-2 3,0)(EN: -12,0)(MG: 6,0)(LG: 10,2)(RG: 10,-2)(LL: -2,7)(RL: -2,-7)(MR: 10,2 10,-2)
xpilot.shipShape: (NM:Life, the Universe and Everything)(AU:Raphael Quinet)(SH: 5,9 5,1 6,1 8,3 10,3 13,0 11,0 9,2 7,0 9,-2 11,0 13,0 10,-3 8,-3 6,-1 5,-1 5,-9 3,-9 3,-1 -9,-1 -9,1 3,1 3,9)(EN: -9,0)(MG: 13,0)(LL: 4,9)(RL: 4,-9)(MR: 13,0)
xpilot.shipShape: (NM:Lil'-Ol'-Hair-Dryer)(AU:Lewis Beard)(SH: 15,2 15,-2 -3,-5 -3,-7 0,-8 -3,-9 0,-10 -3,-11 -3,-12 2,-15 -5,-15 -8,-4 -13,-1 -15,-1 -15,1 -13,1 -11,7 -5,6 -1,10 -1,15 0,10 5,9 0,9 -3,5)(EN: -15,0)(MG: 15,0)(LG: 15,2 15,1)(RG: 15,-2 15,-1)(LL: 15,2 -11,7 -3,5)(RL: 15,-2 -13,-1 -3,-5)(MR: -1,15 5,9 0,-10 2,-15)
xpilot.shipShape: (NM:LordOfSith)(AU:DarkApprentice)(SH: -9,10 -4,7 5,6 8,3 9,0 8,-3 5,-6 -4,-7 -9,-10 -9,0 -7,0 -6,-4 -2,-3 0,0 1,-4 3,-4 0,0 3,4 1,4 0,0 -2,3 -6,4 -7,0 -9,0)(EN: -9,0)(MG: 9,0)(LG: 5,6)(RG: 5,-6)(LL: -9,10)(RL: -9,-10)(MR: 9,0 8,3 8,-3)
xpilot.shipShape: (NM:LowRider)(AU:Lewis Beard)(SH: -15,-10 -13,-12 -13,-13 -14,-14 -10,-14 -9,-15 -7,-15 -6,-14 7,-14 8,-15 10,-15 11,-14 14,-14 14,-12 15,-12 15,-11 14,-11 13,-10 4,-10 4,9 4,-10 2,-10 -1,-7 -1,-10)(EN: -14,-11)(MG: -1,-10)(LG: 13,-10)(RG: 14,-14)(LL: 4,9 4,9)(RL: -9,-15 -15,-10)(MR: -1,-10 4,8)
xpilot.shipShape: (NM:MIG-21)(AU:DarkApprentice)(SH: 15,0 10,3 5,4 2,2 -4,8 -7,8 -10,5 -6,2 2,2 -6,2 -10,5 -12,8 -15,8 -14,0 -11,0 -14,-1 -15,-2 -15,-9 -10,-9 0,-1 -5,-5 1,-2 7,-2 15,0)(EN: -14,0)(MG: 15,0)(LG: -4,8)(RG: -10,-9)(LL: 7,-2)(RL: -15,-9 -15,8 -7,8)(MR: 15,0)
xpilot.shipShape: (NM:Millenium Falcon)(AU:Stig Bakken)(SH: 14,2 14,4 2,10 -5,10 -10,8 -12,3 -12,-3 -10,-8 -5,-10 9,-11 10,-8 7,-8 14,-4 14,-2 4,-2 4,2)(EN: -12,0)(MG: 9,-10)(LL: -12,3)(RL: -12,-3)(MR: 14,2)
xpilot.shipShape: (NM:Mine's A Pint)(AU:Unknown )(SH: 15,0 14,7 12,9 9,0 10,7 12,9 -13,7 -15,4 -15,-4 -13,-7 12,-9 10,-7 9,0 12,-9 14,-7)(EN: -15,0)(MG: 15,0)(LL: 12,9 -13,7)(RL: 12,-9 -13,-7)(MR: 15,0)
xpilot.shipShape: (NM:Mini-T)(AU:Aleksi Suhonen)(SH: -10,9 -8,9 -10,7 -10,0 9,0 10,2 10,-2 9,0 -10,0 -10,-7 -8,-9 -10,-9)(EN: -10,0)(MG: 10,0)(LG: -8,9 -10,7 10,-2)(RG: -8,-9 -10,-7 10,2)(LL: -10,9 -10,-6 -10,3)(RL: -10,-9 -10,-3 -10,6)(MR: -9,-8 -9,9 -9,8 -9,-9)
xpilot.shipShape: (NM:MiniDragon)(AU:John E. Norlin)(SH: 11,0 6,2 5,1 3,1 2,4 4,5 2,6 0,8 0,5 -2,4 0,0 -5,1 -11,0 -5,-1 0,0 -2,-4 0,-5 0,-8 2,-6 4,-5 2,-4 3,-1 5,-1 6,-2)(EN: -11,0)(MG: 11,0)(LG: 4,5)(RG: 4,-5)(LL: 0,8)(RL: 0,-8)(MR: 11,0)
xpilot.shipShape: (NM:Minimalist)(AU:Unknown )(SH: 8,-7 10,-9 -10,9)(EN: -10,9)(MG: 10,-9)(LL: -10,9)(RL: -10,9)(MR: 10,-9)
xpilot.shipShape: (NM:Model-T)(AU:Aleksi Suhonen)(SH: -15,14 -10,14 -13,13 -14,11 -14,1 14,1 15,2 15,-2 14,-1 -14,-1 -14,-11 -13,-13 -10,-14 -15,-14)(EN: -15,0)(MG: 15,0)(LG: -10,14 -14,11 15,-2)(RG: -10,-14 -14,-11 15,2)(LL: -15,14 -15,-11 -15,8)(RL: -15,-14 -15,-8 -15,11)(MR: -13,13 -13,14 -13,-13 -13,-14)
xpilot.shipShape: (NM:Mucksquid)(AU:Unknown )(SH: 15,0 -6,6 -15,4 -6,9 4,2 -15,0 4,-2 -6,-9 -15,-4 -6,-6 15,0 9,-4 5,4 15,0 5,-4 9,4)(MG: 15,0)(MR: 15,0)(RL: -15,4)(LL: -15,-4)(EN: -15,0)
xpilot.shipShape: (NM:Mucksquito)(AU:Unknown )(SH: 8,0 2,0 -10,10 1,5 -2,0 -9,-4 -5,0 -9,4 -2,0 1,-5 -10,-10 2,0)(EN: -5,0)(MG: 8,0)(LL: -9,4)(RL: -9,-4)(MR: 8,0)
xpilot.shipShape: (NM:NightStriker)(AU:MAKOTO Matsushita)(SH: 14,0 1,3 8,6 -6,12 -12,6 -8,0 -12,-6 -6,-12 8,-6 1,-3)(EN: -8,0)(MG: 14,0)(LG: 8,6 1,3)(RG: 8,-6 1,-3)(LL: -12,6 -6,12 -9,9)(RL: -12,-6 -6,-12 -9,-9)(MR: 8,6 14,0 8,-6)
xpilot.shipShape: (NM:No base)(AU:Raphael Quinet)(SH: 10,0 -10,9 10,0 -10,-9)(EN: 10,0)(MG: 10,0)(LL: -10,9)(RL: -10,-9)
xpilot.shipShape: (NM:Novelty)(AU:Aleksi Suhonen)(SH: -15,14 -13,14 -14,13 -14,1 15,1 15,0 -14,0 -14,-13 -13,-14 -15,-14)(EN: 15,1)(MG: 15,0)(LG: -13,14 -14,11 -14,8)(RG: -13,-14 -14,-11 -14,-8)(LL: -15,14 -15,11 -15,8)(RL: -15,-14 -15,-11 -15,-8)(MR: -14,13 -14,10 -14,-13 -14,-10)
xpilot.shipShape: (NM:PaperAirplane1)(AU:Lewis Beard)(SH: -14,11 15,0 -14,-11 -4,0 -4,-13 10,0 -4,13 -4,0 -4,13 -7,15 -9,13 -4,7 -4,-7 -4,-13 -7,-15 -9,-13 -4,-7 -4,0 -14,11 -4,0 -15,0 -4,0)(EN: -15,0)(MG: 15,0)(LG: -7,15 0,9 6,3)(RG: -7,-15 0,-9 6,-3)(LL: -7,15 -14,11 -8,5)(RL: -7,-15 -14,-11 -8,-5)(MR: 15,0 0,9 0,-9 14,0)
xpilot.shipShape: (NM:Parallax 1)(AU:Lingon)(SH: -11,9 -7,9 1,3 4,3 5,1 -2,0 4,1 12,-1 4,-3 -2,-2 5,-3 4,-5 1,-5 -7,-11 -11,-11 -9,-4 1,-5 -11,-4 -10,-1 -11,2 1,3 -9,2 -11,9)(EN: -10,-1)(MG: 12,-1)(LG: -3,6 -6,8 -7,9)(RG: -3,-8 -6,-10 -7,-11)(LL: -11,9 1,3 -11,-4)(RL: -11,-11 1,-5 -11,2)(MR: -2,-7 -2,5 -5,7 -5,-9)
xpilot.shipShape: (NM:Parallax 2)(AU:Lingon)(SH: -8,11 0,4 5,3 6,1 -2,0 5,1 13,-1 5,-3 -2,-2 6,-3 5,-5 0,-6 -8,-13 -13,-13 -10,-5 0,-6 -12,-5 -10,-1 -12,3 0,4 -10,3 -13,11)(EN: -10,-1)(MG: 13,-1)(LG: -3,6 -6,8 -8,11)(RG: -3,-8 -6,-10 -8,-13)(LL: -13,11 0,4 -12,-5)(RL: -13,-13 0,-6 -12,3)(MR: -2,-7 -2,5 -5,7 -5,-9)
xpilot.shipShape: (NM:Pentagon)(AU:Max Corbin)(SH: 15,0 0,12 -9,8 -9,-8 0,-12)(MG: 15,0)(MR: 15,0)(LL: -9,8)(RL: -9,-8)(EN: -9,0)
xpilot.shipShape: (NM:Pointy1)(AU:Lewis Beard)(SH: -13,0 -15,2 -15,-2 -13,0 15,0 13,0 13,4 13,-4 13,0 -7,10 -11,10 -3,10 -7,10 -7,14 -7,-14 -7,-10 -11,-10 -3,-10 -7,-10 13,0 5,7 11,0 6,-7 13,0)(EN: -15,0)(MG: 13,0)(LG: -7,14)(RG: -7,-14)(LL: -7,14 -11,10 5,7)(RL: -7,-14 -11,-10 6,-7)(MR: -3,10 -3,-10)
xpilot.shipShape: (NM:Porcelain_God)(AU:Bill "POINTS" Docter)(SH: -4,0 -2,-11 -4,-1 9,-1 -4,-1 -4,0 9,0 9,1 3,4 3,8 -7,8-7,2 -12,2 -12,-9 -6,-9 -6,0)(MG: 9,-1)(EN:-12,2)
xpilot.shipShape: (NM:Ramship2)(AU:David E. Cooper)(SH: 15,0 10,10 5,10 1,3 -5,2 -7,6 0,8 -15,8 -5,0 -15,-8 0,-8 -7,-6 -5,-2 1,-3 5,-10 10,-10)(EN: -5,0)(MG: 15,0)(LL: -15,8)(RL: -15,-8)(MR: 15,0)
xpilot.shipShape: (NM:Red Dwarf)(AU:Unknown)(SH: 12,0 12,2 15,5 12,2 6,8 -4,8 -10,2 -14,6 -14,-6 -10,-2 -4,-8 6,-8 12,-2 15,-5 12,-2)(EN: -14,0)(MG: 12,0)(LG: 15,5)(RG: 15,-5)(LL: -4,8)(RL: -4,-8)(MR: 12,0)
xpilot.shipShape: (NM:Refarri 3LV12Turbo2)(AU:Bert Gijsbers)(SH: 15,0 12,9 5,9 5,4 10,4 10,9 11,2 -11,5 -7,5 -7,12 -15,12 -15,5 -13,0 -15,-5 -15,-12 -7,-12 -7,-5 -11,-5 11,-2 10,-9 10,-4 5,-4 5,-9 12,-9)(EN: -13,0)(MG: 15,0)(LG: 12,9)(RG: 12,-9)(LL: -14,5 12,9 -14,-4)(RL: -14,-5 12,-9 -14,4)(MR: 12,-9 12,9 14,3 14,-3)
xpilot.shipShape: (NM:Reverse Jellyfish)(AU:Keith Blackwell)(SH: -9,0 -8,3 -1,9 4,9 -1,7 -5,1 2,5 9,6 11,5 9,5 1,3 0,0 9,0 0,0 1,-3 9,-5 11,-5 9,-6 2,-5 -5,-1 -1,-7 4,-9 -1,-9 -8,-3)(EN: -9,0)(MG: 9,0)(LG: 4,-9 9,0 11,-5)(RG: 4,9 9,0 11,5)(LL: -1,-9 -5,-5 -8,-3)(RL: -1,9 -5,5 -8,3)(MR: 0,2 0,1 0,-1 0,-2)
xpilot.shipShape: (NM:Runabout)(AU:Steve Padbury)(SH:15,0 15,2 1,3 1,5 4,5 5,6 4,7 -10,8 -10,5 -5,5 -6,4 -10,4 -10,-4 -6,-4 -5,-5 -10,-5 -10,-8 4,-7 5,-6 4,-5 1,-5 1,-3 15,-2)(EN:-10,0)(MG:15,0)(LG:4,7 4,5 5,6)(RG:4,-7 4,-5 5,-6)(LL:-5,5)(RL:-5,-5)(MR:15,0 5,-6 5,6)
xpilot.shipShape: (NM:SailBarge)(AU:Lewis Beard)(SH: -15,-11 -12,-14 12,-14 15,-11 12,-8 1,-8 1,12 3,13 3,14 1,15 -1,15 -3,14 -3,13 -1,12 -1,-8 -12,-8 -15,-11 -15,1 -12,-8 -1,-8 -1,12 -10,12 -12,-8 -15,1)(EN: -15,-1)(MG: 12,-8)(LG: 3,14)(RG: 12,-14)(LL: -12,-8)(RL: -12,-14)(MR: 3,13)
xpilot.shipShape: (NM:Sanxion 1)(AU:Lingon)(SH: 9,2 9,-2 7,-3 6,-4 10,-4 5,-5 5,-6 1,-7 -1,-9 -11,-6 -10,-2 6,-4 -10,-2 -10,3 6,4 -10,3 -11,7 -1,9 1,7 5,6 5,5 10,4 6,4 7,3)(EN: -10,0)(MG: 9,0)(LG: 10,4 5,6 -1,9)(RG: 10,-4 5,-6 -1,-9)(LL: -11,7 -1,9 -10,3)(RL: -11,-6 -1,-9 -10,-2)(MR: 1,7 1,-7 5,6 5,-6)
xpilot.shipShape: (NM:Sanxion 2)(AU:Lingon)(SH: 11,2 11,-2 8,-3 7,-5 13,-5 6,-6 6,-7 2,-8 0,-11 -13,-7 -11,-3 7,-5 -11,-3 -11,4 7,5 -11,4 -13,8 0,11 2,8 6,7 6,6 13,5 7,5 8,3)(EN: -10,0)(MG: 11,0)(LG: 13,5 6,7 0,11)(RG: 13,-5 6,-7 0,-11)(LL: -13,8 0,11 -11,4)(RL: -13,-7 0,-11 -11,-3)(MR: 2,8 2,-8 6,7 6,-7)
xpilot.shipShape: (NM:SaveSum4L8rDude)(AU:Lewis Beard)(SH: 15,15 -10,15 -15,3 -11,1 -11,-1 -15,-3 -10,-15 15,-15 15,-11 -6,-11 1,0 -6,11 13,11 13,8 15,8 15,15)(EN: -11,0)(MG: 15,12)(LG: 15,15)(RG: 15,9)(LL: -10,15)(RL: -10,-15)(MR: 15,-13)
xpilot.shipShape: (NM:Scythe)(AU:Andy Shull)(SH: 9,-1 8,4 7,7 6,8 7,4 8,-1 7,-5 5,-8 -12,-3 -12,-4 6,-9 8,-5)(EN: -12,-3)(MG: 9,-1)(LL: -12,-3)(RL: -12,-4)(MR: 9,-1)
xpilot.shipShape: (NM:Seymour I)(AU:Magnus Gustavsson, LiTH)(SH: 4,1 9,5 3,3 5,9 1,4 0,10 -1,4 -5,9 -3,3 -11,8 -4,1 -7,0 -4,-1 -11,-8 -3,-3 -5,-9 -1,-4 0,-10 1,-4 5,-9 3,-3 9,-5 4,-1 10,0)(EN: -7,0)(MG: 10,0)(LG: 9,5 4,7 5,9)(RG: 9,-5 4,-7 5,-9)(LL: -11,8 9,5 0,-10)(RL: -11,-8 9,-5 0,10)(MR: 0,10 0,-10 8,4 8,-4)
xpilot.shipShape: (NM:Simple hammer)(AU:Raphael Quinet)(SH: -14,1 -14,-2 9,-2 9,-6 8,-7 8,-9 13,-9 13,-7 12,-6 12,5 11,7 8,9 5,9 8,7 9,5 9,1)(EN: -14,0)(MG: 13,-9)(LG: 7,9)(RG: 10,-9)(LL: 12,-9)(RL: 9,-9)(MR: 8,9 11,7)
xpilot.shipShape: (NM:Sled)(AU:Nick Vargish)(SH: 4,0 2,4 -5,11 10,12 -8,12 -4,6 -2,0 -4,-6 -8,-12 10,-12 -5,-11 2,-4)(EN: -2,0)(MG: 4,0)(LG: 10,12)(RG: 10,-12)(LL: -8,12)(RL: -8,-12)(MR: 4,0)
xpilot.shipShape: (NM:SlugABed)(AU:Lewis Beard and Doug Roussel)(SH: -12,10 -15,10 -15,-10 -12,-10 -12,-5 12,-5 12,-10 15,-10 15,5 12,5 12,0 -12,0 -12,10 -6,15 -6,8 0,13 -6,8 -6,15 -12,10 -12,4 -5,4 -5,0 -12,0 -12,10)(EN: -15,0)(MG: 15,0)(LL: -15,10 15,5 -6,15)(RL: -15,-10 15,-10 -6,8)(MR: 0,13 15,0)
xpilot.shipShape: (NM:Small model of a ship)(AU:Raphael Quinet)(SH: -11,-4 -7,-8 7,-8 11,-4 13,-4 0,-4 0,-2 9,-2 0,8 -9,-2 0,-2 0,8 0,-4)(EN: -9,-6)(MG: 13,-4)(LL: -10,-5)(RL: -8,-7)(MR: 13,-4)
xpilot.shipShape: (NM:Soviet)(AU:Andy Shull)(SH: -9,-1 -6,-1 -5,-5 -1,-7 -1,-10 1,-10 1,-6 -3,-5 -5,-1 7,-1 7,-3 9,-3 9,3 7,3 7,1 -5,1 -5,3 -4,6 2,10 -4,7 -6,4 -6,1 -9,1 -9,-1)(EN: -9,0)(MG: -9,-1)(LG: 9,3)(RG: 9,-3)(LL: 2,10)(RL: 1,-10)
xpilot.shipShape: (NM:SpaceGuppy)(AU:Lewis Beard)(SH: 7,3 7,-3 0,-10 -15,-15 8,-9 14,-3 8,0 14,3 8,9 -15,15 0,10 7,3)(EN: 7,0)(MG: 8,0)(LG: 14,3)(RG: 14,-3)(LL: -15,15 8,9)(RL: -15,-15 8,-9)(MR: 8,0 -15,-15)
xpilot.shipShape: (NM:Spiculum)(AU:Paul Gyugyi)(SH: 0,0 0,-2 14,-4 0,-4 -2,-8 -2,-4 -8,-2 -4,-2 -4,2 -8,2 -2,4 -2,8 0,4 14,4 0,2)(MG: 0,0)(LG: 14,-4)(RG: 14,4)(LL: -2,-4 -8,-2)(RL: -2,4 -8,2)(EN: -2,0)(MR: -2,-8 -2,8)
xpilot.shipShape: (NM:Spider)(AU:Yves-Henri BERNE)(SH: 15,0 6,1 0,8 15,4 -4,11 2,1 -5,6 -11,4 -13,0 -11,-4 -5,-6 2,-1 -4,-11 15,-4 0,-8 6,-1)(EN: -13,0)(MG: 15,0)(LG: 15,4 -4,11)(RG: 15,-4 -4,-11)(LL: -5,6 -4,-11 15,4)(RL: -5,-6 -4,11 15,-4)(MR: 15,4 15,-4 -4,11 -4,-11)
xpilot.shipShape: (NM:SpikedWings)(AU:Nick Vargish)(SH: 15,0 -1,3 -3,5 -3,9 7,10 -12,10 -6,9 -6,4 -8,0 -6,-4 -6,-9 -12,-10 7,-10 -3,-9 -3,-5 -1,-3)(EN: -8,0)(MG: 15,0)(LG: 7,10)(RG: 7,-10)(LL: -12,10)(RL: -12,-10)(MR: 15,0)
xpilot.shipShape: (NM:Spiker7)(AU:Lewis Beard)(SH: -7,0 -4,3 -13,5 -3,4 -1,6 -13,10 0,7 7,14 0,0 7,-14 0,-7 -13,-10 -1,-6 -13,-5 -2,-5 -7,0 -10,-2 -14,0 -10,2 -7,0 14,0 -7,0)(EN: -7,0)(MG: 0,0)(LG: 7,14)(RG: 7,-14)(LL: 7,14 -13,10)(RL: 7,-14 -13,-10)(MR: 0,0 4,8)
xpilot.shipShape: (NM:Spiker8)(AU:Lewis Beard)(SH: -14,0 0,1 -8,8 0,2 5,15 8,15 5,14 5,11 8,10 5,9 5,1 8,0 5,-1 5,-9 8,-10 5,-11 5,-14 8,-15 5,-15 0,-2 -8,-8 0,-1 -14,0 -14,0)(EN: -12,0)(MG: 8,0)(LG: 8,10)(RG: 8,-10)(LL: 5,15 -8,8)(RL: 5,-15 -8,-8)(MR: 8,15 8,-15)
xpilot.shipShape: (NM:Spiker9)(AU:Lewis Beard)(SH: -10,8 -2,0 -10,-8 2,0 2,-6 -8,-14 2,-10 2,6 -8,14 2,10 2,0 -10,8 2,0 -15,0 2,0 2,6 8,6 2,3 2,-3 8,-6 2,-6 2,0 4,0 2,0)(EN: -15,0)(MG: 4,0)(LG: 8,6 2,10 -8,14)(RG: 8,-6 2,-10 -8,-14)(LL: -8,14 8,6 -10,8)(RL: -8,-14 8,-6 -10,-8)(MR: 2,-10 2,10 8,6 8,-6)
xpilot.shipShape: (NM:Spiky)(AU:Raphael Quinet)(SH: -3,10 2,9 1,2 8,0 10,3 9,-2 2,-1 0,-8 3,-10 -2,-9 -1,-2 -8,0 -10,-3 -9,2 -2,1 0,8)(EN: -9,2)(MG: 10,3)(LG: 2,9)(RG: 0,-8)(LL: -3,10)(RL: 3,-10)
xpilot.shipShape: (NM:Spontex)(AU:Ridoune)(SH: 0,10 0,-10 0,0 7,-7 -7,7 0,0 7,7 -7,-7 0,0 -12,0 10,0 0,0 -4,9 4,-9 0,0 4,9 -4,-9 0,0 -9,4 9,-4 0,0 9,4 -9,-4 0,0)(EN: -12,0)(MG: 0,0)(LG: 9,4 7,7 4,9)(RG: 9,-4 7,-7 4,-9)(LL: -12,0 -9,4 -7,7)(RL: -12,0 -9,-4 -7,-7)(MR: 7,7 9,4 9,-4 7,-7)
xpilot.shipShape: (NM:Spout)(AU:Raphael Quinet)(SH: 8,-4 10,-2 10,1 8,3 6,3 1,9 6,3 5,1 -9,3 5,1 5,-2 -9,-4 5,-2 6,-4 1,-10 6,-4)(EN: 5,0)(MG: 10,-1)(LG: 8,3)(RG: 8,-4)(LL: 1,9 -9,3)(RL: 1,-10 -9,-4)(MR: 10,-1)
xpilot.shipShape: (NM:Stick_It_Up)(AU:Kyle Hor)(SH: 13,-1, 14,0 14,1 13,2 4,2 6,3 6,5 4,6 3,6 0,8 -3,8 -6,3 -8,4, -8,-7 -6,-6 3,-8 5,-7 5,-5 4,-5 6,-4 6,-2 4,-1)(MG: 14,0)(MR: 14,1)(RL: 6,-4)(LL: 6,5)(EN: -8,0)
xpilot.shipShape: (NM:Strange jet)(AU:Raphael Quinet)(SH: -8,8 0,9 8,8 1,8 2,2 12,0 2,-2 1,-8 8,-8 0,-9 -8,-8 0,-8 -1,-2 -10,-1 -12,-3 -12,3 -10,1 -1,2 0,8)(EN: -11,0)(MG: 12,0)(LG: 8,8)(RG: 8,-8)(LL: 0,9)(RL: 0,-9)(MR: 1,-6 1,6)
xpilot.shipShape: (NM:Stubby Dart)(AU:Lewis Beard)(SH: 8,0 0,8 -8,0 0,-8 8,0 0,15 0,-15 8,0 -8,0 -8,8 -15,15 -8,0 -8,-8 -15,-15 -8,0)(EN: -8,0)(MG: 8,0)(LG: 5,4 3,8 0,15)(RG: 5,-4 3,-8 0,-15)(LL: 0,15 -8,8 -15,15)(RL: 0,-15 -8,-8 -15,-15)(MR: 0,15 0,-15 -15,15 -15,-15)
xpilot.shipShape: (NM:StubbyGlider)(AU:Swervedriver)(SH: 12,0 2,3 1,13 -2,13 -3,3 -7,2 -8,8 -10,6 -9,0 -10,-6 -8,-8 -7,-2 -3,-3 -2,-13 1,-13 2,-3)(EN: -9,0)(MG: 12,0)(LG: 1,13 1,8 1,5)(RG: 1,-13 1,-8 1,-5)(LL: -10,6 -2,13)(RL: -10,-6 -2,-13)(MR: 1,10 1,-10)
xpilot.shipShape: (NM:T-72)(AU:DarkApprentice)(SH: 8,-1 7,-4 9,-4 9,-9 -11,-9 -11,-4 -9,-4 -9,4 -11,4 -11,9 9,9 9,4 7,4 8,1 9,0 8,-1 2,-1 0,-5 -6,-6 -7,0 -6,6 0,5 2,1 8,1)(EN: -7,0)(MG: 9,0)(LG: 9,4)(RG: 9,-4)(LL: -11,9 9,-9)(RL: -11,-9 9,9)(MR: 9,0)
xpilot.shipShape: (NM:TF-1)(AU:DarkApprentice)(SH: -11,10 6,10 3,4 7,3 12,0 7,-3 3,-4 6,-10 -11,-10  -4,-4 3,-4 7,-3 7,3 3,4 -4,4 -4,-4 -6,-3 -6,0 -11,0 -6,0 -6,3 -4,4 -11,10) (MG: 12,0) (LG: 6,10) (RG: 6,-10) (MR: 11,0 6,10 6,-10) (EN: -11,0)
xpilot.shipShape: (NM:TF-2fx)(AU:DarkApprentice)(SH: -11,10 6,10 3,4 7,3 12,0 7,-3 3,-4 6,-10 -11,-10 -5,-4 3,-4 7,-3 8,0 7,3 3,4 -5,4 -4,2 -4,-2 -5,-4 -6,0 -11,0 -6,0 -5,4 -11,10)(EN: -11,0)(MG: 12,0)(LG: 6,10)(RG: 6,-10)(LL: -11,10 7,-3)(RL: -11,-10 7,3)(MR: 11,0 6,10 6,-10)
xpilot.shipShape: (NM:TIE fighter)(AU:Unknown)(SH: 6,0 0,8 0,15 15,15 -15,15 0,15 0,8 -6,4 -6,-4 0,-8 0,-15 -15,-15 15,-15 0,-15 0,-8)(EN: -6,0)(MG: 6,0)(LG: 15,15)(RG: 15,-15)(LL: 0,15)(RL: 0,-15)(MR: 6,0)
xpilot.shipShape: (NM:TaiFighter)(AU:Jesper Gradin)(SH: 6,0 6,-2 3,-5 11,-5 5,-9 -3,-9 -9,-5 -1,-5 -4,0 -1,5 -9,5 -3,9 5,9 11,5 3,5 6,2)(EN: -4,0)(MG: 6,0)(LG: 11,5 11,-5)(LL: -9,5)(RL: -9,-5)(MR: 6,0)
xpilot.shipShape: (NM:Tardis)(AU:Unknown )(SH: 15,0 15,5 5,5 5,-5 15,-5 15,0 -15,0 -15,5 5,5 5,-5 -15,-5 -15,-8 -15,8 -15,0)(EN: -15,0)(MG: 15,0)(LG: 15,5)(RG: 15,-5)(LL: -15,8)(RL: -15,-8)(MR: 15,0)
xpilot.shipShape: (NM:Target)(AU:Bill "POINTS" Docter)(SH:15,-15 15,0 -5,0 -5,-5 -5,5 -5,0 9,0  3,5 9,0 9,-9 -9,-9 -9,9 9,9 9,0 15,0 15,15 -15,15 -15,-15) (MG:15,0) (LG: 15,-15)(RG:15,15)(MR: 9,15 9,9 9,-9)(EN: -5,0)(LL:9,9 -9,9 )(RL: 9,-9 -9,-9 )
xpilot.shipShape: (NM:Thargoid  1)(AU:Lingon)(SH: 10,4 10,-4 4,-10 -4,-10 -10,-4 -10,4 -4,10 4,10 10,4 4,2 4,-2 10,-4 4,-10 2,-4 -2,-4 -4,-10 -10,-4 -4,-2 -4,2 -10,4 -4,10 -2,4 2,4 4,10)(EN: -8,0)(MG: 10,0)(LG: 4,10 10,4 10,2)(RG: 4,-10 10,-4 10,-2)(LL: 2,4 -10,4)(RL: 4,-10 2,-4 -10,-4)
xpilot.shipShape: (NM:Thargoid  2)(AU:Lingon)(SH: 12,5 12,-5 5,-12 -5,-12 -12,-5 -12,5 -5,12 5,12 12,5 5,2 5,-2 12,-5 5,-12 2,-5 -2,-5 -5,-12 -12,-5 -5,-2 -5,2 -12,5 -5,12 -2,5 2,5 5,12)(EN: -8,0)(MG: 12,0)(LG: 5,12 12,5 12,3)(RG: 5,-12 12,-5 12,-3)(LL: 2,5 -12,5)(RL: 5,-12 2,-5 -12,-5)(MR: 12,0)
xpilot.shipShape: (NM:The Boiler)(AU:Unknown )(SH: 15,0 15,4 13,8 -10,8 -10,-4 -5,-4 -5,-8 -8,-8 -8,-10 -2,-10 -1,-9 -2,-6 -2,-4 13,-4)(EN: -10,0)(MG: 15,0)(LL: -10,8)(RL: -8,-10)(MR: 15,0)
xpilot.shipShape: (NM:The Liberator)(AU:Unknown )(SH: 15,0 -2,2 0,4 8,6 -4,8 -2,4 -6,0 -10,4 -14,0 -10,-4 -6,0 -2,-4 -4,-8 8,-6 0,-4 -2,-2)(EN: -14,0)(MG: 15,0)(LG: 8,6)(RG: 8,-6)(LL: -4,8)(RL: -4,-8)(MR: 15,0)
xpilot.shipShape: (NM:The-Tele)(AU:Lewis Beard)(SH: 6,0 6,-14 -14,-14 -14,14 6,14 6,0 2,0 2,7 0,9 -8,9 -10,7 -10,-7 -8,-9 0,-9 2,-7 2,0 6,0 15,9 6,0 15,-9 6,0)(EN: -14,0)(MG: 6,0)(LG: 15,9)(RG: 15,-9)(LL: -14,14 -12,4)(RL: -14,-14 -12,-4)(MR: 6,0 8,-2)
xpilot.shipShape: (NM:This way)(AU:Raphael Quinet)(SH: -8,0 -11,3 3,3 3,9 12,0 3,-9 3,-3 -11,-3)(EN: -8,0)(MG: 12,0)(LL: 3,9)(RL: 3,-9)(MR: 12,0)
xpilot.shipShape: (NM:Tri 2)(AU:Raphael Quinet)(SH: -9,8 -9,-8 15,0 -9,-4 -9,4 15,0 -9,0 15,0)(EN: -9,0)(MG: 15,0)(LL: -9,8)(RL: -9,-8)(MR: 15,0)
xpilot.shipShape: (NM:Turbo Raketti BlasterCannon)(AU:Krut Brandbil)(SH: 11,-11 10,-14 8,-12 1,-13 -8,-11 1,-9 -2,-2 -12,-6 -9,4 -12,15 13,4 -2,-2 1,-9 8,-10 10,-8)(EN: -9,4)(MG: 11,-11)(LL: -12,-6)(RL: -12,15)(MR: 11,-11)
xpilot.shipShape: (NM:Turbo Raketti Small)(AU:Krut Brandbil)(SH: 12,0 -8,9 -5,0 -8,-9)(EN: -5,0)(MG: 12,0)(LL: -8,9)(RL: -8,-9)(MR: 12,0)
xpilot.shipShape: (NM:Turbo)(AU:Raphael Quinet)(SH: 15,0 -11,8 -9,0 -10,-3 -13,-4 -9,0 -13,4 -10,3 -9,0 -8,5 15,0 -8,-5 -9,0 -6,-2 15,0 -6,2 -9,0 -11,-8)(EN: -9,0)(MG: 15,0)(LL: -11,8)(RL: -11,-8)(MR: 15,0)
xpilot.shipShape: (NM:U)(AU:Raphael Quinet)(SH: 11,8 11,5 0,6 -6,5 -8,2 -8,-2 -6,-5 0,-6 11,-5 11,-8 0,-9 -5,-9 -9,-7 -11,-3 -11,3 -9,7 -5,9 0,9)(EN: -11,0)(MG: 11,-5)(LL: -5,9)(RL: -5,-9)(MR: 11,5)
xpilot.shipShape: (NM:USS Bagel)(AU:Doug Roussel)(SH: 11,3 15,3 14,8 7,12 -1,14 -10,10 -15,2 -15,-4 -10,-12 -1,-14 9,-12 14,-8 15,-4 11,-4 2,-9 -7,-7 -9,-2 -8,0 -7,3 -4,7 4,8 10,6 11,3)(EN: -15,0)(MG: -8,0)(LG: 14,8)(RG: 14,-8)(LL: -1,14)(RL: -1,-14)(MR: -7,3)
xpilot.shipShape: (NM:USS BaseBagel)(AU:Doug Roussel)(SH: 11,3 15,3 14,8 7,12 -1,14 -10,10 -15,14 -15,-14 -11,-9 -1,-14 9,-12 14,-8 15,-4 11,-4 2,-9 -7,-7 -9,-2 -8,0 -7,3 -4,7 4,8 10,6 11,3)(EN: -15,0)(MG: -8,0)(LG: 14,8)(RG: 14,-8)(LL: -1,14)(RL: -1,-14)(MR: -7,3)
xpilot.shipShape: (NM:UhTaxicus)(AU:Keith Blackwell)(SH: 0,9 3,9 6,8 10,8 7,7 11,0 7,-7 10,-8 6,-8 3,-9 0,-9 -3,-8 1,-7 5,-5 7,-1 0,-1 -7,-7 -9,0 -7,7 0,1 7,1 5,5 1,7 -3,8)(EN: -9,0)(MG: 11,0)(LG: 8,-5 10,-8 9,-3)(RG: 8,5 10,8 9,3)(LL: -7,7 0,9)(RL: -7,-7 0,-9)(MR: 10,1 10,-1 9,3 9,-3)
xpilot.shipShape: (NM:Umbrella)(AU:Jon Blocksom)(SH: -12,2 7,2 8,5 7,7 8,9 7,11 8,13 7,15 11,13 15,5 15,-5 11,-13 7,-15 8,-13 7,-11 8,-9 7,-7 8,-5 7,-2 -13,-2 -15,2 -13,7 -10,7 -12,5)(EN: -14,0)(MG: 15,0)(LG: 11,13 13,9 15,5)(RG: 15,-5 13,-9 11,-13)(LL: 7,15)(RL: 7,-15)(MR: 7,-11 7,-7 7,7 7,11)
xpilot.shipShape: (NM:Umbrella2)(AU:Raphael Quinet)(SH: -10,3 -10,4 -13,2 -12,-1 4,-1 6,-3 4,-5 5,-6 4,-9 8,-6 10,-2 10,0 12,0 10,0 10,2 8,6 4,8 5,5 4,4 6,2 4,0 -11,0 -12,2)(EN: -12,0)(MG: 12,0)(LL: 4,8)(RL: 4,-9)(MR: 12,0)
xpilot.shipShape: (NM:Vaagja)(AU:KnightWhoSaysNI!)(SH: 14,0 6,-1 1,-4 3,-4 1,-4 -3,-8 -3,-8 0,-8 -9,-8 -9,-8 -2,0 -6,0 -2,0 -9,8 -9,8 -3,8 0,8 -3,8 1,4 3,4 1,4 6,1)(EN: -3,0)(MG: 14,0)(LG: 3,-4 0,-8)(RG: 3,4 0,8)(LL: -9,8 1,4)(RL: -9,-8 1,-4)(MR: 1,-4 -2,7 1,4 -2,-7)
xpilot.shipShape: (NM:Viggen)(AU:Unknown)(SH: 15,0 7,1 3,5 3,2 2,2 -7,11 -7,1 -8,1 -8,-1 -7,-1 -7,-11 2,-2 3,-2 3,-5 7,-1)(MG: 15,0)(MR: 15,0)(LL: -8,1)(RL: -8,-1)(EN: -8,0)
xpilot.shipShape: (NM:Vorlon)(AU:David E. Cooper)(SH: 15,0 2,2 2,3 9,5 0,5 -2,6 10,10 -4,8 -13,15 -15,15 -7,6 -8,4 -13,0 -8,-4 -7,-6 -15,-15 -13,-15 -4,-8 10,-10 -2,-6 0,-5 9,-5 2,-3 2,-2)(EN: -8,0)(MG: 15,0)(LG: 10,10 9,5 2,2)(RG: 10,-10 9,-5 2,-2)(LL: 10,10 10,-10)(RL: -15,15 -15,-15)(MR: 9,5 9,-5 2,3 2,-3)
xpilot.shipShape: (NM:WarAxe1)(AU:Lewis Beard)(SH: 9,1 -15,1 -15,-1 9,-1 7,-10 5,-1 9,-1 9,1 9,3 12,5 15,5 13,10 8,13 2,13 -3,10 -5,5 1,5 5,3 5,1)(EN: -15,0)(MG: 9,0)(LG: 13,10 8,13)(RG: 7,-10 9,-1)(LL: 15,5 -14,0 0,0)(RL: -5,5 -7,0 7,0)(MR: 9,0 8,13)
xpilot.shipShape: (NM:WarMace1)(AU:Lewis Beard)(SH: -15,1 -15,-1 2,-1 4,-3 0,-8 5,-4 9,-4 14,-9 11,-3 11,-1 15,0 11,1 11,3 14,8 9,4 5,4 0,8 4,3 2,1 -15,1 -14,2 -14,-2 -15,-1)(EN: -15,0)(MG: 15,0)(LG: 14,8)(RG: 14,-9)(LL: 0,8 9,4)(RL: 9,-4 0,-8)(MR: 15,0 14,8 14,-9)
xpilot.shipShape: (NM:Warbird)(AU:John Norlin)(SH: 15,0 14,4 10,5 5,2 -7,3 -7,6 5,8 -9,8 -9,-8 5,-8 -7,-6 -7,-3 5,-2 10,-5 14,-4)(MG: 15,0)(MR: 15,0)(LL: -9,8)(RL: -9,-8)(EN: -9,0)
xpilot.shipShape: (NM:Waspoid1)(AU:Lewis Beard)(SH: 0,0 3,15 6,15 4,12 3,9 1,0 2,-9 3,-12 5,-15 2,-15 0,0 -4,6 -6,6 -8,2 -10,6 -12,6 -15,0 -12,-6 -10,-6 -8,-2 -6,-6 -4,-6 0,0 9,0)(EN: -15,0)(MG: 9,0)(LG: 3,9 6,15 4,12)(RG: 2,-9 5,-15 3,-12)(LL: 3,15 0,0 2,-15)(RL: -14,2 -15,0 -14,-2)(MR: 6,15 3,9 2,-9 5,-15)
xpilot.shipShape: (NM:WaterBug)(AU:Lewis Beard)(SH: 0,0 6,6 11,4 6,6 0,0 -8,-8 -5,-8 -8,-8 0,0 6,-6 11,-4 6,-6 0,0 -8,8 -5,8 -8,8 0,0 4,2 8,0 4,-2 0,0 -11,0 -11,0 -11,0)(EN: -11,0)(MG: 8,0)(LG: -5,-8 6,-6 11,-4)(RG: -5,8 6,6 11,4)(LL: -8,-8 -11,0 -8,8)(RL: -8,8 -11,0 -8,-8)(MR: -5,8 -5,-8)
xpilot.shipShape: (NM:WhiteRose1)(AU:Douglas Melamed)(SH: 15,2 -5,2 -5,-2 15,-2 -5,-8 -14,-4 -14,4 -5,8)(MG: 15,2)(MR: 15,2)(LL: -14,-4)(RL: -14,4)(EN: -14,0)
xpilot.shipShape: (NM:Wing)(AU:Nick Vargish)(SH: 4,0 -2,3 -2,7 1,11 12,12 0,12 -5,9 -8,4 -8,-4 -5,-9 0,-12 12,-12 1,-11 -2,-7 -2,-3)(EN: -8,0)(MG: 4,0)(LG: 12,12)(RG: 12,-12)(LL: -8,4)(RL: -8,-4)(MR: 4,0)
xpilot.shipShape: (NM:Wing2)(AU:Nick Vargish)(SH: 13,0 13,3 10,8 5,12 -10,12 4,11 7,5 7,2 -4,0 7,-2 7,-5 4,-11 -10,-12 5,-12 10,-8 13,-3)(EN: -4,0)(MG: 13,0)(LL: -10,12)(RL: -10,-12)(MR: 13,0)
xpilot.shipShape: (NM:Winged Terror 1)(AU:Lewis Beard)(SH: -12,0 -12,2 -10,5 -5,9 3,12 15,15 -3,13 -8,11 -13,8 -15,3 -12,0 -15,-3 -13,-8 -8,-11 -3,-13 15,-15 3,-12 -5,-9 -10,-5 -12,0 2,3 -4,0 2,-3 -12,0)(EN: -12,0)(MG: -4,0)(LG: 15,-15 3,-12 2,-3)(RG: 15,15 3,12 2,3)(LL: -3,13 -8,11 -13,8)(RL: -3,-13 -8,-11 -13,-8)(MR: 2,3 2,-3)
xpilot.shipShape: (NM:Winged Terror 2)(AU:Lewis Beard)(SH: -9,0 -12,5 -11,10 -6,15 9,13 12,10 8,12 10,7 7,12 -4,11 -6,4 1,0 -6,-4 -4,-11 7,-12 10,-7 8,-12 12,-10 9,-13 -6,-15 -11,-10 -12,-5 -9,0 -15,0)(EN: -15,0)(MG: 1,0)(LG: 9,-13 12,-10 10,-7)(RG: 9,13 12,10 10,7)(LL: -6,15 -11,10 -12,5)(RL: -6,-15 -11,-10 -12,-5)(MR: -6,4 -6,-4)
xpilot.shipShape: (NM:Winged Terror 3)(AU:Lewis Beard)(SH: -13,0 -10,5 -14,10 -7,6 -10,13 1,8 -2,14 9,7 0,5 -4,3 -4,1 14,0 -4,-1 -4,-3 0,-5 9,-7 -2,-14 1,-8 -10,-13 -7,-6 -13,-10 -10,-5 -13,0 -15,0)(EN: -15,0)(MG: 14,0)(LG: 9,7 4,10 -2,14)(RG: 9,-7 4,-10 -2,-14)(LL: 1,8 -7,6 -10,5)(RL: 1,-8 -7,-6 -10,-5)(MR: 9,7 9,-7 14,0)
xpilot.shipShape: (NM:Wiz Attack Fighter Mk I)(AU:Unknown)(SH: 15,0 -15,5 5,-5 0,-5 -10,-15 -10,15 0,5 5,5 -15,-5)(EN: -5,0)(MG: 15,0)(LG: 5,5)(RG: 5,-5)(LL: -10,-15)(RL: -10,15)(MR: 15,0)
xpilot.shipShape: (NM:Wiz Attack Fighter Mk II)(AU:Unknown)(SH: 15,0 -15,10 -10,-15 0,-8 5,3 0,0 5,-3 0,8 -10,15 -15,-10)(EN: -13,0)(MG: 15,0)(LL: -15,10)(RL: -15,-10)(MR: 15,0)
xpilot.shipShape: (NM:X-wing (prot 1))(AU:Unknown)(SH: 15,0 14,1 -1,2 -2,9 0,10 -4,10 -7,2 -8,2 -8,-2 -7,-2 -4,-10 0,-10 -2,-9 -1,-2 14,-1)(EN: -8,0)(MG: 15,0)(LG: 0,10)(RG: 0,-10)(LL: -8,2)(RL: -8,-2)(MR: 15,0)
xpilot.shipShape: (NM:Xan)(AU:Raphael Quinet)(SH: -13,0 -1,1 -2,7 0,9 2,7 1,1 4,2 7,0 11,0 7,0 4,-2 1,-1 2,-7 0,-9 -2,-7 -1,-1)(EN: -13,0)(MG: 11,0)(LL: 0,9)(RL: 0,-9)(MR: 11,0)
xpilot.shipShape: (NM:Y-wing)(AU:Unknown)(SH: 14,0 5,5 6,2 0,2 0,8 -13,8 -13,4 -4,4 -6,0 -4,-4 -13,-4 -13,-8 0,-8 0,-2 6,-2 5,-5)(EN: -6,0)(MG: 14,0)(LL: -13,8)(RL: -13,-8)(MR: 14,0)
xpilot.shipShape: (NM:YetAnotherNiceOne)(AU:KnightWhoSaysNI!)(SH: 12,0 -3,5 5,5 -3,5 -15,12 -3,0 -10,0 2,0 -3,0 -15,-12 -3,-5 5,-5 -3,-5 12,0 15,0)(EN: -3,0)(MG: 15,0)(LG: 5,5 5,2 -7,8)(RG: 5,-5 5,-2 -7,-8)(LL: -15,12 -3,5 2,2)(RL: -15,-12 -3,-5 2,-2)(MR: 9,1 9,-1 1,-4 1,4)
xpilot.shipShape: (NM:Z)(AU:Andy Shull)(SH: 10,0 10,9 10,-9 9,-9 -9,7 -9,-9 -10,-9 -10,9 9,-8 9,9 10,9)(EN: -10,0)(MG: 10,0)(LL: -10,9)(RL: -10,-9)(MR: 10,0)
xpilot.shipShape: (NM:Zoby)(AU:Thierry)(SH: 4,-4 8,0 4,4 6,5 9,2 8,0 9,-2 6,-5 4,-4 -3,-3 -6,0 -3,3 4,4 -5,9 -10,8 -12,2 -6,0 8,0 -6,0 -12,-2 -10,-8 -5,-9 4,-4)(EN: -6,0)(MG: 8,0)(LG: 2,5)(RG: 2,-5)(LL: 7,3 7,-3)(RL: 7,3 7,-3)(MR: 8,0)
xpilot.shipShape: (NM:a-10)(AU:John Marley)(SH: 15,0 14,2 2,2 2,7 1,15 -3,15 -4,6 -9,6 -9,2 -12,2 -12,7 -15,7 -15,-7 -12,-7 -12,-2 -9,-2 -9,-6 -4,-6 -3,-15 1,-15 2,-7 2,-2 14,-2)(EN: -7,0)(MG: 15,0)(LG: 2,3 2,7 1,13)(RG: 2,-3 2,-7 1,-13)(LL: -1,15 -15,7)(RL: -1,-15 -15,-7)(MR: 2,5 1,10 2,-5 1,-10)
xpilot.shipShape: (NM:arrowhead)(AU:Bryan Brown)(SH: 15,0 9,-6 3,-8 -1,-8 -3,-4 -5,-4 -7,-7 -9,-7 -11,0 -9,7 -7,7 -5,4 -3,4 -1,8 3,8 9,6)(MG: 15,0)(MR: 15,0)(LL: -9,-7)(RL: -9,7)(EN: -11,0)
xpilot.shipShape: (NM:atlas)(AU:Unknown)(SH: 15,0 11,3 5,2 1,4 -7,4 -8,5 -11,5 -15,8 -14,0 -15,-8 -11,-5 -5,-5 -4,-4 1,-4 5,-2 11,-3)(EN: -14,0)(MG: 15,0)(LL: -15,8)(RL: -15,-8)(MR: 15,0)
xpilot.shipShape: (NM:axe)(AU:Bryan Brown)(SH: 15,1 -15,1 -15,-1 13,-1 13,-4 15,-8 10,-10 5,-8 7,-4 7,4 5,8 10,10 15,8 13,4 13,-1 15,-1)(MG: 15,1)(MR: 15,1)(RL: -15,1)(LL: -15,-1)(EN: -15,0)
xpilot.shipShape: (NM:b2)(AU:Unknown)(SH: 8,0 -6,15 -8,12 -4,8 -6,5 -4,3 -6,0 -4,-3 -6,-5 -4,-8 -8,-12 -6,-15)(EN: -6,0)(MG: 8,0)(LL: -8,12)(RL: -8,-12)(MR: 8,0)
xpilot.shipShape: (NM:bajonet)(AU:Unknown)(SH: 15,0 13,-2 9,-3 3,-3 -3,-3 -5,-2 -13,-2 -15,-3 -15,3 -13,2 -5,2 -3,3 -3,-8 -3,8 -3,3 8,3)(MG: 15,0)(MR: 15,0)(RL: -15,-3)(LL: -15,3)(EN: -15,0)
xpilot.shipShape: (NM:barbie)(AU:John Norlin)(SH: 9,0 0,-9 6,-1 -6,-3 4,0 -9,-1 -2,0 -11,0 -2,0 -9,1 4,0 -6,3 6,1 0,9)(EN: -11,0)(MG: 9,0)(LL: -9,1)(RL: -9,-1)(MR: 9,0)
xpilot.shipShape: (NM:barbie3)(AU:John Norlin)(SH: 8,0 0,-8 5,-1 -7,-3 4,0 -12,-1 -2,0 -14,0 -2,0 -12,1 4,0 -7,3 5,1 0,8)(EN: -14,0)(MG: 8,0)(LG: 0,8)(RG: 0,-8)(LL: -12,1)(RL: -12,-1)(MR: 8,0)
xpilot.shipShape: (NM:bat)(AU:Unknown)(SH: 5,0 8,2 6,3 3,2 6,9 2,15 -5,4 -8,5 -6,0 -8,-5 -5,-4 2,-15 6,-9 3,-2 6,-3 8,-2)(MG: 5,0)(MR: 5,0)(LL: -8,5)(RL: -8,-5)(EN: -8,0)
xpilot.shipShape: (NM:batstar)(AU:H. Thompson)(SH: 9,0 12,4 8,6 2,4 1,11 7,15 -4,15 -13,8 -3,0 -13,-7 -4,-15 7,-15 1,-11 2,-4 8,-6 12,-4)(EN: -3,0)(MG: 9,0)(LG: 12,4)(RG: 12,-4)(LL: -4,15)(RL: -4,-15)(MR: 9,0 12,4 12,-4)
xpilot.shipShape: (NM:bell)(AU:John E. Norlin)(SH: -8,9 -7,5 -7,-5 -8,-9 -9,-5 -9,5 -8,9 -4,7 6,6 9,4 11,0 9,-4 6,-6 -4,-7 -8,-9 -7,-5 -7,5)(EN: -9,0)(MG: 11,0)
xpilot.shipShape: (NM:best1)(AU:Unknown)(SH: 8,0 -4,0 -15,-8 -15,8 -4,0 -14,-6 -14,6 -6,0 -13,-4 -13,4 -8,0 -12,-2 -12,2 -11,0)(MG: 8,0)(MR: 8,0)(LL: -15,-8)(RL: -15,8)(EN: -15,0)
xpilot.shipShape: (NM:best2)(AU:Unknown)(SH: 15,0 8,0 -8,-8 -2,0 -8,8 8,0 1,-2 1,2 8,0 2,-3 8,0)(MG: 15,0)(MR: 15,0)(LL: -8,-8)(RL: -8,8)(EN: -8,0)
xpilot.shipShape: (NM:biplane)(AU:John Norlin)(SH: 8,0 8,2 8,-2 8,0 7,0 7,2 6,2 6,10 1,11 1,2 -6,2 -6,3 -8,3 -8,-3 -6,-3 -6,-2 1,-2 1,2 1,-2 1,-11 6,-10 6,-2 7,-2 7,0)(EN: -8,0)(MG: 8,0)(LG: 6,8)(RG: 6,-8)(MR: 8,0 6,8 6,-8)
xpilot.shipShape: (NM:boat)(AU:John Norlin)(SH: 15,0 10,-5 4,-8 7,-2 7,2 4,8 6,0 4,-8 -10,-8 -10,8 -10,-8 -15,-7 -15,7 -10,8 4,8 10,5)(MG: 15,0)(MR: 15,0)(LL: -15,-7)(RL: -15,7)(EN: -15,0)
xpilot.shipShape: (NM:borg)(AU:H. Thompson)(SH: -15,8 0,15 10,15 0,15 15,8 0,0 -15,8 -15,-7 0,-15 0,0 10,0 0,0 15,8 15,-7 0,-15 10,-15 0,-15 -15,-7)(EN: -15,0)(MG: 10,0)(LG: 10,15 15,8 6,15)(RG: 10,-15 15,-7 6,-15)(LL: 0,15 -15,-7 15,-7)(RL: 0,-15 -15,8 15,8)(MR: 10,0 10,15 10,-15)
xpilot.shipShape: (NM:borg2)(AU:Dave Cooper)(SH: 10,0 4,-10 -4,-10 -10,0 -4,10 4,10 10,0 1,0 -4,10 -2,10 1,5 2,5 5,0 3,0 1,-4 0,-4 -3,-10 1,-10 4,-4 6,-4 8,0 1,0 -4,-10 4,-10)(EN: -4,0)(MG: 10,0)(LG: 7,5 7,-5 10,0)(RG: 9,1 9,-1 10,0)(LL: -4,10 4,10 5,0)(RL: -4,-10 4,-10 8,0)(MR: 5,8 8,3 5,-8 8,-3)
xpilot.shipShape: (NM:bow & arrow)(AU:Bryan Brown)(SH: 9,0 -8,0 -9,-1 -5,0 -9,1 -8,0 -2,-10 1,-6 2,-2 2,2 1,6 -2,10 -8,0 9,0 6,-1 6,1)(EN: -8,0)(MG: 9,0)(LL: -9,-1)(RL: -9,1)(MR: 9,0)
xpilot.shipShape: (NM:bugle)(AU:Bryan Brown)(SH: 10,0 10,9 5,2 -8,2 -10,4 -10,-4 -8,-2 -4,-2 -5,-4 -4,-6 2,-6 3,-4 2,-2 -4,-2 5,-2 10,-9)(EN: -10,0)(MG: 10,0)(LL: -10,4)(RL: -10,-4)(MR: 10,0)
xpilot.shipShape: (NM:bully)(AU:John Norlin)(SH: 11,0 12,-3 9,-3 8,-2 -5,-5 -9,-11 -14,-14 -5,-3 -5,3 -14,14 -9,11 -5,5 8,2 9,3 12,3)(MG: 11,0)(MR: 11,0)(LL: -14,-14)(RL: -14,14)(EN: -14,0)
xpilot.shipShape: (NM:butterfly1)(AU:Unknown)(SH: 7,-3 3,0 7,3 3,1 8,10 1,10 -1,9 -4,10 -8,6 -5,0 -8,-6 -4,-10 -1,-9 1,-10 8,-10 3,-1)(EN: -5,0)(MG: 7,-3)(LL: -8,6)(RL: -8,-6)(MR: 7,-3)
xpilot.shipShape: (NM:butterfly2)(AU:Unknown)(SH: 3,0 6,5 8,10 5,11 1,10 -1,8 -4,9 -8,6 -5,0 -8,-6 -4,-9 -1,-8 1,-10 5,-11 8,-10 6,-5)(EN: -5,0)(MG: 3,0)(LL: -8,6)(RL: -8,-6)(MR: 3,0)
xpilot.shipShape: (NM:buzz saw)(AU:Bryan Brown)(SH: 8,0 0,0 12,0 5,0 5,-6 3,-4 -2,-9 -2,-5 -8,-4 -6,-2 -8,4 -5,4 -1,9 -1,5 5,6 3,4)(EN: -6,0)(MG: 12,0)(LL: -8,4)(RL: -8,-4)(MR: 12,0)
xpilot.shipShape: (NM:camera)(AU:John E. Norlin)(SH: 10,5 8,4 6,4 6,8 -9,8 -9,-6 -1,-6 -5,-14 -1,-6 4,-14 -1,-6 6,-6 6,-2 8,-2 10,-3)(EN: -9,0)(MG: 10,0)
xpilot.shipShape: (NM:cannon)(AU:Unknown)(SH: 8,0 -8,15 -8,-15)(MG: 8,0)(MR: 8,0)(LL: -8,15)(RL: -8,-15)(EN: -8,0)
xpilot.shipShape: (NM:dart)(AU:Unknown)(SH: 10,0 3,3 3,1 -2,1 -10,9 -5,0 -10,-9 -2,-1 3,-1 3,-3)(EN: -5,0)(MG: 10,0)(LL: -10,9)(RL: -10,-9)(MR: 10,0)
xpilot.shipShape: (NM:dave 1)(AU:Dave Dirks)(SH: 14,0 6,-1 1,-2 -5,-10 -5,-6 -10,-8 -10,-2 -5,-4 -5,4 -10,2 -10,8 -5,6 -5,10 1,2)(EN: -5,0)(MG: 14,0)(LL: -10,8)(RL: -10,-8)(MR: 14,0)
xpilot.shipShape: (NM:default)(AU:Unknown)(SH: 15,0 -9,8 -9,-8)(MG: 15,0)(MR: 15,0)(LL: -9,8)(RL: -9,-8)(EN: -9,0)
xpilot.shipShape: (NM:diamond)(AU:Bryan Brown)(SH: 11,0 0,0 9,0 0,9 -9,0 0,-9 9,0)(EN: -9,0)(MG: 11,0)(LL: 0,9)(RL: 0,-9)(MR: 11,0)
xpilot.shipShape: (NM:dirigible)(AU:Bryan Brown)(SH: 15,0 12,3 9,4 -6,4 -7,6 -14,6 -15,8 -12,2 -14,0 -12,-2 -15,-8 -14,-6 -7,-6 -6,-4 9,-4 12,-3)(MG: 15,0)(MR: 15,0)(RL: -15,8)(LL: -15,-8)(EN: -15,0)
xpilot.shipShape: (NM:disc)(AU:Unknown )(SH: 15,0 0,3 0,12 3,15 0,15 -4,12 -6,8 -8,0 -6,-8 -4,-12 0,-15 3,-15 0,-12 0,-3)(EN: -8,0)(MG: 15,0)(LG: 3,15)(RG: 3,-15)(LL: -6,8)(RL: -6,-8)(MR: 15,0)
xpilot.shipShape: (NM:dolphin)(AU:Unknown)(SH: 15,-3 12,-5 7,-6 2,-8 3,-6 -10,-3 -15,-6 -13,-2 -15,2 -11,0 -2,4 -2,8 2,5 8,4 12,2 13,-1)(EN: -13,-2)(MG: 15,-3)(LL: -15,-6)(RL: -15,2)(MR: 15,-3)
xpilot.shipShape: (NM:double wedge)(AU:Bryan Brown)(SH: 10,0 2,4 2,1 -1,1 -10,9 -10,-9 -1,-1 2,-1 2,-4)(EN: -10,0)(MG: 10,0)(LL: -10,9)(RL: -10,-9)(MR: 10,0)
xpilot.shipShape: (NM:explosion)(AU:Unknown)(SH: 10,2 5,0 8,-3 4,-3 10,-11 2,-6 -3,-11 -3,-6 -11,-8 -4,0 -10,4 -3,3 -5,11 1,4 7,8 3,1)(EN: -4,0)(MG: 10,2)(LL: -10,4)(RL: -11,-8)(MR: 10,2)
xpilot.shipShape: (NM:f-14)(AU:John Marley)(SH: 15,0 11,2 6,2 6,4 3,4 -10,11 -13,10 -7,3 -13,10 -15,9 -15,3 -13,2 -13,-2 -15,-3 -15,-9 -13,-10 -7,-3 -13,-10 -10,-11 3,-4 6,-4 6,-2 11,-2)(EN: -13,0)(MG: 15,0)(LG: 1,5 -3,7 -1,6)(RG: 1,-5 -1,-6 -3,-7)(LL: -10,11)(RL: -10,-11)(MR: -1,4 -6,7 -1,-4 -6,-7)
xpilot.shipShape: (NM:f-15)(AU:John Marley)(SH: 15,-1 15,1 5,2 5,4 1,4 -5,12 -8,11 -8,4 -10,4 -13,7 -15,6 -15,3 -13,2 -13,-2 -15,-3 -15,-6 -13,-7 -10,-4 -8,-4 -8,-11 -5,-12 1,-4 5,-4 5,-2)(EN: -13,0)(MG: 15,0)(LG: -1,6 -2,8 -4,10)(RG: -1,-6 -2,-8 -4,-10)(LL: -5,12)(RL: -5,-12)(MR: -1,-4 -6,-4 -1,4 -6,4)
xpilot.shipShape: (NM:f-16)(AU:John Marley)(SH: 15,0 11,2 7,2 4,3 1,3 -4,12 -8,12 -8,3 -10,3 -12,6 -15,6 -15,1 -14,0 -15,-1 -15,-6 -12,-6 -10,-3 -8,-3 -8,-12 -4,-12 1,-3 4,-3 7,-2 11,-2)(EN: -14,0)(MG: 5,2)(LG: 0,4 -1,6 -2,8)(RG: 0,-4 -1,-6 -2,-8)(LL: -8,12)(RL: -8,-12)(MR: -5,-12 -5,12 -3,10 -3,-10)
xpilot.shipShape: (NM:f-18)(AU:John Marley)(SH: 15,0 11,2 7,2 -1,3 -5,12 -8,12 -9,3 -10,3 -13,6 -15,6 -13,2 -14,2 -14,-2 -13,-2 -15,-6 -13,-6 -10,-3 -9,-3 -8,-12 -5,-12 -1,-3 7,-2 11,-2)(EN: -13,0)(MG: 5,2)(LG: -2,4 -3,6 -4,8)(RG: -2,-4 -3,-6 -4,-8)(LL: -8,12)(RL: -8,-12)(MR: -5,-12 -5,12 -4,3 -4,-3)
xpilot.shipShape: (NM:f117)(AU:Unknown)(SH: 11,0 4,5 -2,15 -4,12 -1,4 -6,2 -9,4 -11,2 -8,0 -11,-2 -9,-4 -6,-2 -1,-4 -4,-12 -2,-15 4,-5)(EN: -8,0)(MG: 11,0)(LG: -2,15)(RG: -2,-15)(LL: -11,2)(RL: -11,-2)(MR: 11,0)
xpilot.shipShape: (NM:f14)(AU:Unknown)(SH: 15,0 7,1 7,2 2,4 -1,11 -3,11 -2,3 -8,6 -8,-6 -2,-3 -3,-11 -1,-11 2,-4 7,-2 7,-1)(EN: -8,0)(MG: 15,0)(LG: -1,11)(RG: -1,-11)(LL: -8,6)(RL: -8,-6)(MR: 15,0)
xpilot.shipShape: (NM:f15)(AU:Unknown)(SH: 15,0 4,2 -2,8 -4,7 -3,2 -8,5 -8,2 -6,1 -6,-1 -8,-2 -8,-5 -3,-2 -4,-7 -2,-8 4,-2)(EN: -6,0)(MG: 15,0)(LG: -2,8)(RG: -2,-8)(LL: -8,2)(RL: -8,-2)(MR: 15,0)
xpilot.shipShape: (NM:f16)(AU:Unknown)(SH: 13,0 11,1 3,2 -1,8 -3,8 -3,2 -6,2 -9,5 -9,-5 -6,-2 -3,-2 -3,-8 -1,-8 3,-2 11,-1)(EN: -9,0)(MG: 13,0)(LG: -1,8)(RG: -1,-8)(LL: -9,5)(RL: -9,-5)(MR: 13,0)
xpilot.shipShape: (NM:f18)(AU:Unknown)(SH: 14,0 2,2 0,8 1,8 -3,8 -3,2 -8,4 -7,1 -7,-1 -8,-4 -3,-2 -3,-8 1,-8 0,-8 2,-2)(EN: -7,0)(MG: 14,0)(LL: -8,4)(RL: -8,-4)(MR: 14,0)
xpilot.shipShape: (NM:fangs)(AU:Bryan Brown)(SH: 8,0 8,-7 6,-9 0,-9 5,-7 -12,-5 5,-2 0,-1 5,0 0,1 5,2 -12,5 5,7 0,9 6,9 8,7)(EN: 5,0)(MG: 8,0)(LL: -12,-5)(RL: -12,5)(MR: 8,0)
xpilot.shipShape: (NM:fishy)(AU:Unknown)(SH: 15,0 8,4 -15,-8 -8,2 -4,0 -8,-2 -15,8 8,-4)(EN: -9,0)(MG: 15,0)(LL: -15,8)(RL: -15,-8)(MR: 15,0)
xpilot.shipShape: (NM:fueltank)(AU:John E. Norlin)(SH: 15,0 14,-5 9,-8 -5,-8 -3,-8 -3,0 2,0 2,2 -3,2 -3,6 5,6 5,8 -5,8 -5,-8 -9,-8 -14,-5 -15,0 -14,5 -9,8 9,8 14,5)(EN: -15,0)(MG: 15,0)
xpilot.shipShape: (NM:furry)(AU:Steve Wong)(SH: 8,-8 -5,-13 -5,-10 0,-11 -8,-8 -11,0 -9,-5 -11,-11 -11,11 -9,5 -11,0 -8,8 0,11 -5,10 -5,13 8,8 -2,4 3,0 -2,-4 8,-8 4,0 8,8 11,0)(EN: -1,0)(MG: 11,0)(LG: 8,8 8,-8 10,2)(RG: 8,-8 8,8 10,-2)(LL: 4,4 4,-4)(RL: 4,4 4,-4)(MR: 8,8 8,-8 9,-5 9,5)
xpilot.shipShape: (NM:glove)(AU:Bryan Brown)(SH: 9,-2 7,-4 6,-5 1,-5 6,-5 6,-6 4,-9 0,-9 -4,-6 -5,-3 -11,-3 -11,4 -5,4 -2,9 4,9 9,4)(EN: -11,0)(MG: 9,-2)(LL: -11,-3)(RL: -11,4)(MR: 9,-2)
xpilot.shipShape: (NM:guitar)(AU:John Norlin)(SH: 12,2 15,-5 11,-1 -8,-1 -4,-1 1,-3 -13,-9 -9,0 -15,8 1,3 -4,1 -8,1 -8,-1 -8,1 10,1 9,2)(EN: -9,0)(MG: 15,-5)(LL: -13,-9)(RL: -15,8)(MR: 15,-5)
xpilot.shipShape: (NM:hand)(AU:H. Thompson)(SH: 15,4 -4,4 -4,6 -1,8 0,12 0,15 -1,15 -5,10 -10,7 -13,1 -13,-13 -8,-12 1,-12 4,-11 4,-9 1,-8 4,-7 4,-5 1,-4 4,-3 4,-1 1,0 13,1 15,3)(EN: -13,0)(MG: 15,3)(LG: -4,6 -1,10 0,15)(RG: 4,-2 4,-6 4,-10)(LL: -1,13)(RL: -11,-11)(MR: 15,3 4,-2 4,-6 4,-10)
xpilot.shipShape: (NM:harpoon)(AU:Unknown)(SH: 15,0 5,2 3,8 2,2 -9,2 -10,4 -12,2 -14,4 -14,-4 -12,-2 -10,-4 -9,-2 2,-2 3,-8 5,-2)(MG: 15,0)(MR: 15,0)(LL: -14,4)(RL: -14,-4)(EN: -14,0)
xpilot.shipShape: (NM:helicopter)(AU:Bryan Brown)(SH: 11,0 5,0 15,-9 14,-10 -4,10 -5,9 5,0 -4,-10 -5,-9 15,9 14,10 5,0 11,0 10,-2 -15,0 10,2)(MG: 11,0)(MR: 11,0)(RL: -5,9)(LL: -5,-9)(EN: -15,0)
xpilot.shipShape: (NM:hellfire)(AU:Unknown)(SH: 15,0 9,-4 6,-8 7,-4 -2,-4 -5,-7 -14,-7 -13,-4 -13,4 -14,7 -5,7 -3,4 7,4 6,8 9,4)(EN: -13,0)(MG: 15,0)(LL: -14,7)(RL: -14,-7)(MR: 15,0)
xpilot.shipShape: (NM:hermes)(AU:John Norlin)(SH: 10,-1 12,-8 -11,-8 -10,-3 -7,0 -5,-2 -7,0 -10,1 -10,3 -13,4 -13,7 -15,8 -15,13 -5,5 -2,4 5,2)(EN: -10,-3)(MG: 10,-1)(LL: -15,13 -13,4 -7,0)(RL: -15,8 -10,1 -5,-2)(MR: 10,-1)
xpilot.shipShape: (NM:hexagon)(AU:Bryan Brown)(SH: 10,0 4,9 -5,9 -11,0 -5,-9 4,-9)(EN: -11,0)(MG: 10,0)(LL: -5,9)(RL: -5,-9)(MR: 10,0)
xpilot.shipShape: (NM:icecream)(AU:John E. Norlin)(SH: 11,0 10,3 9,5 8,6 6,7 3,8 -11,0 3,-8 2,-5 1,0 2,5 3,8 2,5 1,0 2,-5 3,-8 6,-7 8,-6 9,-5 10,-3)(EN: -11,0)(MG: 11,0)(LL: 3,8)(RL: 3,-8)(MR: 11,0)
xpilot.shipShape: (NM:jaws)(AU:Unknown)(SH: 11,6 15,15 -15,0 15,-15 11,-6 10,-10 7,-3 6,-8 3,-2 2,-6 -5,0 2,6 3,2 6,8 7,4 10,10)(MG: 11,6)(MR: 11,6)(LL: 2,-6)(RL: 2,6)(EN: -15,0)
xpilot.shipShape: (NM:jaws2)(AU:John E. Norlin)(SH: 7,4 8,8 0,6 -8,9 -5,6 -5,4 -11,1 -13,2 -12,0 -13,-2 -11,-1 8,-8 7,-4 6,-6 5,-3 4,-5 2,-2 1,-4 -5,0 1,4 2,2 4,5 5,3 6,6)(EN: -12,0)(MG: 7,4)(LG: 8,8)(RG: 8,-8)(LL: 2,6)(RL: 2,6)(MR: 7,4 7,-4)
xpilot.shipShape: (NM:klingon3)(AU:H. Thompson)(SH: 15,0 14,3 12,3 9,1 0,1 0,3 -5,4 -1,14 5,14 6,15 -4,15 -14,4 -12,0 -14,-4 -4,-15 6,-15 5,-14 -1,-14 -5,-4 0,-3 0,-1 9,-1 12,-3 14,-3)(EN: -12,0)(MG: 15,0)(LG: 5,14 5,-14)(RG: 5,-14 5,14)(LL: -4,15)(RL: -4,-15)(MR: 15,0 14,3 14,-3 4,0)
xpilot.shipShape: (NM:large bow & arrow)(AU:Bryan Brown)(SH: 15,0 -13,0 -15,-3 -7,0 -15,3 -13,0 0,-15 3,-12 5,-7 5,7 3,12 0,15 -13,0 15,0 9,-2 9,2)(EN: -13,0)(MG: 15,0)(LL: -15,-3)(RL: -15,3)(MR: 15,0)
xpilot.shipShape: (NM:large fangs)(AU:Bryan Brown)(SH: 15,0 15,-12 12,-15 0,-13 8,-11 -15,-8 8,-4 0,-2 8,0 0,2 8,4 -15,8 8,11 0,13 12,15 15,12)(EN: 8,0)(MG: 15,0)(LL: -15,-8)(RL: -15,8)(MR: 15,0)
xpilot.shipShape: (NM:large tie-fighter)(AU:Bryan Brown)(SH: 10,0 0,5 0,15 15,10 0,15 -15,10 0,15 0,5 -7,0 0,-5 0,-15 -15,-10 0,-15 15,-10 0,-15 0,-5)(EN: -7,0)(MG: 10,0)(LL: 0,5)(RL: 0,-5)(MR: 10,0)
xpilot.shipShape: (NM:liberator)(AU:H. Thompson)(SH: 15,0 6,2 -2,2 0,10 12,12 -2,14 -9,13 -9,11 -3,10 -5,2 -10,5 -14,3 -15,0 -14,-3 -10,-5 -5,-2 -3,-10 -9,-11 -9,-13 -2,-14 12,-12 0,-10 -2,-2 6,-2)(EN: -15,0)(MG: 15,0)(LG: 12,12)(RG: 12,-12)(LL: -2,12)(RL: -2,-12)(MR: 15,0 12,12 12,-12)
xpilot.shipShape: (NM:lightning)(AU:Unknown)(SH: 15,-8 6,-5 7,-4 1,-2 2,-1 -4,0 -3,2 -15,8 -15,2 -8,0 -9,-2 -3,-3 -4,-4 3,-5 2,-7)(EN: -15,5)(MG: 15,-8)(LL: -15,8)(RL: -15,2)(MR: 15,-8)
xpilot.shipShape: (NM:lines)(AU:Unknown)(SH: 15,0 0,0 -9,8 0,0 -9,-8 0,0)(EN: 0,0)(MG: 15,0)(LL: -9,8)(RL: -9,-8)(MR: 15,0)
xpilot.shipShape: (NM:lupus)(AU:Unknown)(SH: 15,2 4,6 -4,8 -10,6 -6,3 -6,-3 -10,-6 -4,-8 4,-6 15,-2)(MG: 15,0)(RG: 4,-6)(LG: 4,6)(EN: -6,0)(LL: -10,6 -10,-6)(RL: -10,-6 -10,6)(MR: 15,-2 15,2)
xpilot.shipShape: (NM:machine gun)(AU:Unknown)(SH: 15,3 7,3 7,-8 3,-8 3,1 -2,1 -3,-1 -5,-1 -14,-5 -15,2 -3,4 -1,8 0,6 13,6 14,8 15,6)(EN: -14,-2)(MG: 15,4)(LL: -15,2)(RL: -14,-5)(MR: 15,4)
xpilot.shipShape: (NM:manta)(AU:John Norlin)(SH: 8,0 -1,9 1,1 -12,0 1,-1 -1,-9)(EN: -12,0)(MG: 8,0)(LL: -1,9)(RL: -1,-9)(MR: 8,0)
xpilot.shipShape: (NM:mig29)(AU:Unknown)(SH: 15,0 1,2 -3,8 -6,8 -4,2 -5,2 -8,5 -9,4 -9,-4 -8,-5 -5,-2 -4,-2 -6,-8 -3,-8 1,-2)(EN: -9,0)(MG: 15,0)(LG: -3,8)(RG: -3,-8)(LL: -9,4)(RL: -9,-4)(MR: 15,0)
xpilot.shipShape: (NM:min_ares)(AU:Unknown)(SH: 15,0 10,3 -9,3 -10,8 -12,8 -13,3 -15,3 -15,-3 -13,-3 -12,-8 -10,-8 -9,-3 10,-3)(MG: 15,0)(MR: 15,0)(LL: -15,3)(RL: -15,-3)(EN: -15,0)
xpilot.shipShape: (NM:mouse ears)(AU:Bryan Brown)(SH: 5,-1 8,-5 7,-9 4,-11 -1,-10 -5,-6 -8,-10 -8,10 -5,6 -1,10 4,11 7,9 8,5 5,1 0,0)(EN: -8,0)(MG: 5,-1)(LG: 8,5)(RG: 8,-5)(LL: -8,-10)(RL: -8,10)(MR: 5,-1)
xpilot.shipShape: (NM:mushroom)(AU:Unknown)(SH: 8,0 5,8 3,12 0,15 0,0 -8,3 -8,-3 0,0 0,-15 3,-12 5,-8)(MG: 8,0)(MR: 8,0)(LL: -8,3)(RL: -8,-3)(EN: -8,0)
xpilot.shipShape: (NM:muzzle)(AU:John E. Norlin)(SH: 9,-11 10,-13 7,-12 -1,-12 -9,-13 -9,-9 -1,-10 -5,-2 -9,-4 -11,-3 -9,4 -5,7 0,4 -5,1 -9,4 -11,11 -9,12 5,5 5,3 -5,-2 -1,-10 7,-10 10,-9)(EN: -9,4)(MG: 9,-11)(LG: 10,-9)(RG: 10,-13)(LL: 5,5 -1,8 -9,12)(RL: 5,3 -1,1)(MR: 9,-11)
xpilot.shipShape: (NM:ncc)(AU:Unknown)(SH: 15,0 12,9 7,12 2,9 -1,3 -9,3 -3,7 -15,7 -13,0 -15,-7 -3,-7 -9,-3 -1,-3 2,-9 7,-12 12,-9)(EN: -13,0)(MG: 15,0)(LL: -15,7)(RL: -15,-7)(MR: 15,0)
xpilot.shipShape: (NM:nukeA)(AU:Unknown)(SH: 13,0 12,-3 10,-6 -9,6 -7,9 -3,11 0,11 0,-11 -3,-11 -7,-9 -9,-6 10,6 12,3)(EN: 0,0)(MG: 13,0)(LL: -9,6)(RL: -9,-6)(MR: 13,0)
xpilot.shipShape: (NM:nukeB)(AU:Unknown)(SH: 12,0 10,4 8,6 -11,-6 -9,-9 -5,-11 -2,-11 -2,11 -5,11 -9,9 -11,6 8,-6 10,-4)(EN: -2,0)(MG: 12,0)(LL: -11,6)(RL: -11,-6)(MR: 12,0)
xpilot.shipShape: (NM:octagon)(AU:Bryan Brown)(SH: 10,0 7,7 0,10 -7,7 -10,0 -7,-7 0,-10 7,-7)(EN: -10,0)(MG: 10,0)(LL: -7,7)(RL: -7,-7)(MR: 10,0)
xpilot.shipShape: (NM:pan)(AU:John Norlin)(SH: 15,1 15,0 5,0 5,1 5,-9 -15,-9 -15,4 -5,7 -3,8 -7,8 -5,7 5,4 5,1 -15,1)(MG: 15,1)(MR: 15,1)(RL: -15,-9)(LL: -15,4)(EN: -15,0)
xpilot.shipShape: (NM:patriot)(AU:Unknown)(SH: 15,0 14,2 12,4 -11,4 -12,8 -14,8 -14,4 -15,4 -15,-4 -14,-4 -14,-8 -12,-8 -11,-4 12,-4 14,-2)(MG: 15,0)(MR: 15,0)(LL: -15,4)(RL: -15,-4)(EN: -15,0)
xpilot.shipShape: (NM:pentagon)(AU:Bryan Brown)(SH: 8,0 1,10 -10,6 -10,-6 1,-10)(EN: -10,0)(MG: 8,0)(LL: -10,6)(RL: -10,-6)(MR: 8,0)
xpilot.shipShape: (NM:piggy)(AU:John E. Norlin)(SH: 10,7 5,13 -5,13 -10,7 -14,6 -10,3 -10,-3 -14,-6 -10,-7 -5,-13 5,-13 10,-7 10,0 9,-3 7,-6 3,-6 1,-3 0,0 1,3 3,6 7,6 9,3 10,0)(EN: -10,0)(MG: 10,0)(LG: 10,7)(RG: 10,-7)(LL: -6,5 -6,-5 4,3)(RL: -6,5 -6,-5 4,-3)
xpilot.shipShape: (NM:pistol)(AU:Bryan Brown)(SH: 14,3 5,3 5,1 4,-1 0,-1 -3,-9 -9,-9 -5,3 -6,6 -9,8 -8,9 -5,7 9,7 11,8 13,8 14,7)(EN: -6,0)(MG: 14,5)(LL: -9,8)(RL: -9,-9)(MR: 14,5)
xpilot.shipShape: (NM:plant)(AU:John E. Norlin)(SH: -14,0 -8,0 -6,7 -6,4 -1,10 -4,4 -2,6 -3,2 2,7 1,3 6,5 1,2 10,0 1,-2 6,-4 1,-3 2,-6 -3,-2 -2,-6 -4,-4 -1,-10 -6,-4 -6,-7 -8,0)(EN: -8,0)(MG: 10,0)(LG: -1,10 6,5 6,-4)(RG: -1,-10)(LL: -6,7 6,5)(RL: -6,-7 6,-4)(MR: 10,0 6,5 6,-4)
xpilot.shipShape: (NM:pointer)(AU:Unknown)(SH: 10,0 -3,1 -10,9 -5,0 -10,-9 -3,-1)(EN: -5,0)(MG: 10,0)(LL: -10,9)(RL: -10,-9)(MR: 10,0)
xpilot.shipShape: (NM:racecar)(AU:John Norlin)(SH: 14,0 13,-4 5,-5 13,-4 14,-8 0,-8 3,-2 3,2 0,8 1,0 0,-8 -8,-8 -8,8 -13,7 -13,-7 -8,-8 -15,-9 -15,9 -8,8 0,8 14,8 13,4 5,5 13,4)(EN: -15,0)(MG: 14,0)(LG: 14,8)(RG: 14,-8)(LL: -15,7 13,6 -15,6)(RL: -15,-6 13,-6 -15,-7)(MR: 14,0)
xpilot.shipShape: (NM:roast chicken)(AU:Christoph Tietz)(SH: 14,0 7,-4 0,-1 -5,-4 2,-8 0,-10 -14,-10 -5,-7 -14,0 -5,7 -14,10 0,10 2,8 -5,4 0,1 7,4)(MR: 2,8 2,-8)(LG: 7,4)(RG: 7,-4)(LL: 0,10, 0,1)(RL: 0,-10 0,-1)(EN: -14,0)
xpilot.shipShape: (NM:scud)(AU:Unknown)(SH: 15,0 9,4 -12,4 -13,8 -15,8 -15,4 -14,4 -14,-4 -15,-4 -15,-8 -13,-8 -12,-4 9,-4)(EN: -14,0)(MG: 15,0)(LL: -15,8)(RL: -15,-8)(MR: 15,0)
xpilot.shipShape: (NM:shuttleA)(AU:Unknown)(SH: 13,0 12,1 1,3 -3,7 -7,9 -8,1 -9,2 -9,0 -8,0 -9,0 -9,-2 -8,-1 -7,-9 -3,-7 1,-3 12,-1)(EN: -9,0)(MG: 13,0)(LL: -9,2)(RL: -9,-2)(MR: 13,0)
xpilot.shipShape: (NM:shuttleB)(AU:Unknown)(SH: 14,0 13,1 1,3 -3,7 -6,8 -7,2 -8,3 -8,0 -7,0 -8,0 -8,-3 -7,-2 -6,-8 -3,-7 1,-3 13,-1)(EN: -8,0)(MG: 14,0)(LL: -8,3)(RL: -8,-3)(MR: 14,0)
xpilot.shipShape: (NM:side-wings)(AU:Unknown)(SH: 15,0 -4,-3 -4,-6 0,-6 0,-8 -12,-8 -12,-6 -5,-6 -5,6 -12,6 -12,8 0,8 0,6 -4,6 -4,3)(EN: -5,0)(MG: 15,0)(LL: -12,8)(RL: -12,-8)(MR: 15,0)
xpilot.shipShape: (NM:sidewinder)(AU:Unknown)(SH: 15,0 14,2 12,2 8,8 7,2 -9,2 -11,8 -15,8 -15,-8 -11,-8 -9,-2 7,-2 8,-8 12,-2 14,-2)(MG: 15,0)(MR: 15,0)(LL: -15,8)(RL: -15,-8)(EN: -15,0)
xpilot.shipShape: (NM:skier)(AU:John E. Norlin)(SH: -11,-7 9,-9 11,-8 9,-9 -2,-8 2,-5 0,-2 2,6 3,9 4,7 2,6 1,3 -3,2 3,-3 -8,0 4,-3 -3,2 1,3 -1,-2 1,-5 -3,-8)(EN: -8,0)(MG: 4,-3)
xpilot.shipShape: (NM:skull)(AU:Unknown)(SH: 12,-7 12,-12 5,-12 2,-10 1,-5 -9,-4 -11,2 -8,8 -3,11 3,11 9,8 11,2 13,0 12,-3 12,-7 7,-7)(EN: -11,2)(MG: 12,-7)(LL: -8,8)(RL: -9,-4)(MR: 12,-7)
xpilot.shipShape: (NM:small square)(AU:Unknown)(SH: 10,0 10,10 -10,10 -10,-9 10,-9)(EN: -10,0)(MG: 10,0)(LL: -10,10)(RL: -10,-9)(MR: 10,0)
xpilot.shipShape: (NM:small tie-fighter)(AU:John Norlin)(SH: 6,0 0,3 0,10 9,7 0,10 -9,7 0,10 0,3 -4,0 0,-3 0,-10 -9,-7 0,-10 9,-7 0,-10 0,-3)(EN: -4,0)(MG: 6,0)(LL: 0,3)(RL: 0,-3)(MR: 6,0)
xpilot.shipShape: (NM:space marine)(AU:Steve Wong)(SH: 7,3 2,0 7,-3 9,0 7,3 9,11 5,9 -4,11 3,6 0,3 0,3 -9,7 -11,10 -11,2 -3,0 -11,-2 -11,-10 -9,-7 0,-3 3,-6 -4,-11 5,-9 9,-10 7,-3)(EN: 1,0)(MG:8,-7)(LG: 8,-6 8,8)(RG: 8,-8 9,11 8,10)(LL: -4,11 -4,-11)(RL: -11,10 -11,-10)(MR: 8,10 8,9 7,10 7,9)
xpilot.shipShape: (NM:spider)(AU:Bryan Brown)(SH: 0,0 -4,-10 4,10 0,0 -5,-3 -5,3 0,0 9,-9 -9,9 0,0 -9,-9 9,9 0,0 4,-10 -4,10)(EN: -5,0)(MG: 0,0)(LL: -5,-3)(RL: -5,3)(MR: 0,0)
xpilot.shipShape: (NM:spike)(AU:Unknown)(SH: 15,0 0,2 -9,8 -3,0 -9,-8 0,-2)(EN: -3,0)(MG: 15,0)(LL: -9,8)(RL: -9,-8)(MR: 15,0)
xpilot.shipShape: (NM:spork)(AU:John Norlin)(SH: 10,0 0,3 9,5 0,9 -8,6 -10,1 -10,-1 -8,-6 0,-9 9,-5 0,-3)(EN: -10,0)(MG: 10,0)(LL: -10,1)(RL: -10,-1)(MR: 10,0)
xpilot.shipShape: (NM:square)(AU:Bryan Brown)(SH: 15,0 15,-15 -15,-15 -15,15 15,15)(MG: 15,0)(MR: 15,0)(RL: -15,-15)(LL: -15,15)(EN: -15,0)
xpilot.shipShape: (NM:squatty)(AU:Unknown)(SH: 8,0 -8,12 -4,4 -8,0 -4,-4 -8,-12)(MG: 8,0)(MR: 8,0)(LL: -8,12)(RL: -8,-12)(EN: -8,0)
xpilot.shipShape: (NM:sr71)(AU:Unknown)(SH: 15,0 6,2 -2,3 -1,4 -2,5 -10,8 -13,8 -13,1 -15,0 -13,-1 -13,-8 -10,-8 -2,-5 -1,-4 -2,-3 6,-2)(MG: 15,0)(MR: 15,0)(LL: -13,8)(RL: -13,-8)(EN: -15,0)
xpilot.shipShape: (NM:star)(AU:Unknown)(SH: 15,0 2,2 0,15 -2,2 -15,0 -2,-2 0,-15 2,-2)(MG: 15,0)(MR: 15,0)(LL: -2,2)(RL: -2,-2)(EN: -15,0)
xpilot.shipShape: (NM:star2)(AU:Bryan Brown)(SH: 9,0 -9,6 2,-10 2,10 -9,-6)(EN: -5,0)(MG: 9,0)(LG: 2,10)(RG: 2,-10)(LL: -9,6)(RL: -9,-6)(MR: 9,0)
xpilot.shipShape: (NM:sturr)(AU:Unknown)(SH: 9,9 9,-9 4,-9 4,4 1,4 1,-4 -4,-4 -4,4 -11,4 -11,9)(EN: -11,6)(MG: 9,9)(LL: -11,9)(RL: -11,4)(MR: 9,9)
xpilot.shipShape: (NM:su27)(AU:Unknown)(SH: 15,0 3,3 -1,8 -3,8 -2,3 -4,3 -8,6 -6,2 -6,-2 -8,-6 -4,-3 -2,-3 -3,-8 -1,-8 3,-3)(EN: -6,0)(MG: 15,0)(LG: -1,8)(RG: -1,-8)(LL: -8,6)(RL: -8,-6)(MR: 15,0)
xpilot.shipShape: (NM:swallow)(AU:Unknown)(SH: 8,0 7,1 5,1 7,4 -2,15 2,5 -1,1 -8,2 -4,0 -8,-2 -1,-1 2,-5 -2,-15 7,-4 5,-1 7,-1)(EN: -4,0)(MG: 8,0)(LL: -8,2)(RL: -8,-2)(MR: 8,0)
xpilot.shipShape: (NM:sword)(AU:Unknown)(SH: 15,0 11,2 -8,2 -7,8 -9,1 -13,1 -15,2 -15,-2 -13,-1 -9,-1 -7,-8 -8,-2 11,-2)(MG: 15,0)(MR: 15,0)(LL: -15,2)(RL: -15,-2)(EN: -15,0)
xpilot.shipShape: (NM:sword2)(AU:Bryan Brown)(SH: 15,0 12,-1 -10,-1 -10,-7 -9,-8 -7,-7 -8,-6 -8,6 -7,8 -9,9 -10,8 -10,-1 -15,-1 -15,2 11,2)(MG: 15,0)(MR: 15,0)(LL: -9,-8)(RL: -9,9)(EN: -15,0)
xpilot.shipShape: (NM:t)(AU:Unknown)(SH: 11,0 -9,0 -9,-9 -9,9 -9,0)(EN: -9,0)(MG: 11,0)(LL: -9,9)(RL: -9,-9)(MR: 11,0)
xpilot.shipShape: (NM:t3)(AU:Unknown)(SH: 15,0 12,4 4,4 -1,2 1,5 -1,8 -15,8 -15,3 -12,0 -15,-3 -15,-8 -1,-8 1,-5 -1,-2 4,-4 12,-4)(EN: -12,0)(MG: 15,0)(LL: -15,8)(RL: -15,-8)(MR: 15,0)
xpilot.shipShape: (NM:tank)(AU:Unknown)(SH: 15,1 2,0 1,-2 6,-3 6,-5 3,-8 -10,-8 -13,-6 -13,-3 -10,-2 -11,2 -7,2 -7,8 -7,2 1,2 2,1)(EN: -13,-5)(MG: 15,1)(LL: -13,-3)(RL: -13,-6)(MR: 15,1)
xpilot.shipShape: (NM:tie_fighter)(AU:H. Thompson)(SH: 3,5 1,5 1,11 12,11 12,12 -12,12 -12,11 -1,11 -1,5 -4,3 -6,3 -6,-3 -4,-3 -1,-5 -1,-11 -12,-11 -12,-12 12,-12 12,-11 1,-11 1,-5 3,-5 5,-2 5,2)(EN: -6,0)(MG: 5,0)(LG: 4,2)(RG: 4,-2)(LL: 0,11)(RL: 0,-11)(MR: 3,5 3,-5)
xpilot.shipShape: (NM:tomahawk)(AU:Unknown)(SH: 15,0 12,-3 3,-3 3,-6 1,-6 0,-3 -12,-3 -15,-8 -15,8 -12,3 0,3 1,6 3,6 3,3 12,3)(MG: 15,0)(MR: 15,0)(RL: -15,-8)(LL: -15,8)(EN: -15,0)
xpilot.shipShape: (NM:torpedo)(AU:Unknown)(SH: 15,0 14,-3 9,-5 -7,-5 -9,-4 -10,-8 -12,-8 -12,-3 -15,0 -12,3 -12,8 -10,8 -9,4 -7,5 9,5 14,3)(MG: 15,0)(MR: 15,0)(RL: -12,-8)(LL: -12,8)(EN: -15,0)
xpilot.shipShape: (NM:trek)(AU:Dave Cooper)(SH: 15,0 10,10 5,10 1,3 -5,2 -7,6 0,8 -15,8 -5,0 -15,-8 0,-8 -7,-6 -5,-2 1,-3 5,-10 10,-10)(EN: -5,0)(MG: 15,0)(LL: -15,8)(RL: -15,-8)(MR: 15,0)
xpilot.shipShape: (NM:triangle)(AU:Bryan Brown)(SH: 9,0 -9,10 -9,-10)(EN: -9,0)(MG: 9,0)(LL: -9,10)(RL: -9,-10)(MR: 9,0)
xpilot.shipShape: (NM:viper2)(AU:H. Thompson)(SH: 15,0 -13,12 -13,-12 15,0 1,0 -13,-7 -13,7 1,0)(EN: -13,0)(MG: 15,0)(LG: 7,4 -2,8 -11,12)(RG: 7,-4 -2,-8 -11,-12)(LL: -13,12 -8,0)(RL: -13,-12 -8,0)(MR: 15,0 -2,8 -2,-8)
xpilot.shipShape: (NM:viper3)(AU:H. Thompson)(SH: 15,0 3,2 3,-2 -5,-5 -5,5 -1,7 -8,14 -12,14 -15,5 -9,4 -15,3 -13,0 -15,-3 -9,-4 -15,-5 -12,-14 -8,-14 -1,-7 -5,-5 -5,5 3,2 -9,2 -9,-2 3,-2)(EN: -13,0)(MG: 15,0)(LG: -1,7 -5,10 -8,13)(RG: -1,-7 -5,-10 -8,-13)(LL: -12,14)(RL: -12,-14)(MR: -5,5 -5,-5)
xpilot.shipShape: (NM:voodoo)(AU:Unknown)(SH: 11,10 -2,10 -4,-2 -4,-4 -8,-4 -8,-7 -4,-7 0,-9 4,-9 8,-7 8,-4 0,-2 2,0 2,10)(MG: 11,10)(RG: 4,-9)(LG: 2,10)(MR: 8,-7 8,-4)(EN: -8,-5)(LL: 0,-9 -8,-6)(RL: 0,10 -8,-6)
xpilot.shipShape: (NM:x-wing)(AU:Unknown)(SH: 15,0 8,0 0,1 -4,0 1,9 -4,0 -8,8 -4,0 -8,-8 -4,0 1,-9 -4,0 0,-1 8,0)(EN: -4,0)(MG: 15,0)(LL: -8,8)(RL: -8,-8)(MR: 15,0)
xpilot.shipShape: (NM:Sixteenth)(AU:cppc)(SH: -5,10 9,13 9,-3 5,-5 2,-3 5,-1 8,-2 8,12 8,10 -4,7 8,10 8,11 -4,8 -4,9 8,12 -4,9 -4,-8 -8,-10 -11,-8 -8,-6 -5,-7)(EN: -11,-8)(MG:9,13)(LG: 5,-1 2,-3 5,-5)(RG: -8,-6 -11,-8 -8,-10)(MR: 9,11 9,9 9,7 9,5)
xpilot.shipShape: (NM:fingerd)(AU:dik)(SH: 13,-1 14,0 14,1 13,2 4,2 6,3 6,5 4,6 3,6 0,8 -3,8 -6,3 -8,4 -8,-7 -6,-6 3,-8 5,-7 5,-5 4,-5 6,-4 6,-2 4,-1)(EN: -8,0)(MG: 14,0)(LG: 0,8)(RG: 6,-2)(LL: 6,5 -3,8)(RL: 6,-4 -8,-7)(MR: 14,1 5,-7 2,7)
xpilot.shipShape: (NM:efficient)(AU:Xswift)(SH: -4,-4 -2,-6 0,-11 0,-2 4,-5 0,0 15,0 0,0 4,5 0,2 0,11 -2,6 -4,4 -6,2 -10,0 -6,-2 -4,-4)(EN: -10,0)(MG: 15,0)(LG: 4,5 0,11 0,2)(RG: 0,-2 4,-5 0,-11)(LR: -2,6 -4,4 -6,2)(RR: -6,-2 -4,-4 -2,-6)(LL: -6,2 -4,4 -2,6)(RL: -6,-2 -4,-4 -2,-6)(MR: 0,-11 4,-5 4,5 0,11)
xpilot.shipShape: (NM:why)(AU:Erik Andersson)(SH: -4,0 -5,4 -8,8 -5,4 -4,0 -5,-4 -8,-8 -5,-4 -4,0 14,0)(EN: -4,0)(LG: -8,8)(RG: -8,-8)(LR: -8,8)(RR: -8,-8)(LL: -8,8)(RL: -8,-8)(MR: -8,8 -8,-8 -5,-4 -5,4)(MG: 14,0)
xpilot.shipShape: (NM:srhty)(AU:erik)(NM:3dPylonShip1)(AU:Lewis Beard)(SH: -1,7 -15,11 -9,5 -6,-7 -9,-14 4,-8 4,-5 -1,-6 -9,-14 -1,-6 -4,7 -1,7 4,-5 4,-7 15,0 3,-3 15,0 14,2 0,4 -1,7 -15,11 -1,7)(EN: -15,11)(MG: 15,0)(LG: -1,7)(RG: 4,-5)(LL: -15,11 -9,5)(RL: -9,-14 -6,-7)(MR: 15,0)
xpilot.shipShape: (NM:ugly2)(AU:erik)(SH: 0,8 1,6 3,5 5,3 6,1 13,0 6,-1 5,-3 3,-5 1,-6 0,-8 -1,-6 -3,-5 -5,-3 -6,-1 -6,-1 -9,0 -6,1 -5,3 -3,5 -1,6 0,8)(EN: -9,0)(MG: 13,0)(LL: 0,8)(RL: 0,-8)(MR: 13,0)
xpilot.shipShape: (NM:ugly3)(AU:erik)(SH: 0,8 1,6 3,5 5,3 6,1 11,0 6,-1 5,-3 3,-5 1,-6 0,-8 -1,-6 -3,-5 -5,-3 -6,-1 -6,-1 -11,0 -6,1 -5,3 -3,5 -1,6 0,8)(EN: -11,0)(MG: 11,0)(LL: 0,8)(RL: 0,-8)(MR: 11,0)
xpilot.shipShape: (NM:ugly)(AU:erik)(SH: 0,8 1,6 3,5 5,3 6,1 8,0 6,-1 5,-3 3,-5 1,-6 0,-8 -1,-6 -3,-5 -5,-3 -6,-1 -6,-1 -14,0 -6,1 -5,3 -3,5 -1,6 0,8)(EN: -14,0)(MG: 8,0)(LL: 0,8)(RL: 0,-8)(MR: 8,0)
xpilot.shipShape: (NM:U-like)(AU:erik)(SH: -6,0 -5,3 -3,5 0,6 0,8 0,6 3,5 5,3 6,0 8,0 6,0 5,-3 3,-5 0,-6 0,-8 0,-6 -3,-5 -5,-3 -6,0 -14,0)(EN: -14,0)(MG: 8,0)
xpilot.shipShape: (NM:U-unlike)(AU:erik)(SH: -9,0 -6,0 -5,3 -3,5 0,6 0,8 0,6 3,5 5,3 6,0 13,0 6,0 5,-3 3,-5 0,-6 0,-8 0,-6 -3,-5 -5,-3 -6,0)(EN: -9,0)(MG: 13,0)(LG: 0,8)(RG: 0,-8)(LL: 0,8)(RL: 0,-8)(MR: 13,0)
xpilot.shipShape: (NM:U-like2)(AU:erik)(SH: -6,0 -5,3 -3,5 0,6 0,8 0,6 3,5 5,3 6,0 9,0 6,0 5,-3 3,-5 0,-6 0,-8 0,-6 -3,-5 -5,-3 -6,0 -13,0)(EN: -13,0)(MG: 9,0)(LL: 0,8)(RL: 0,-8)(MR: 9,0)
xpilot.shipShape: (NM:sucky)(AU:erik)(SH: -9,0 -6,0 -5,3 -3,5 0,6 0,8 0,6 1,3 5,3 6,0 13,0 6,0 5,-3 1,-3 0,-6 0,-8 0,-6 -3,-5 -5,-3 -6,0)(EN: -9,0)(MG: 13,0)(LG: 0,8)(RG: 0,-8)(LL: 0,8)(RL: 0,-8)(MR: 13,0)
xpilot.shipShape: (NM:easy)(AU:Erik Andersson)(SH: -10,8 -3,5 0,8 4,5 6,1 12,0 6,-1 4,-5 0,-8 -3,-5 -10,-8 -10,-8 -4,-3 0,-4 3,-2 3,-1 -1,-1 -1,1 3,1 3,2 0,4 -4,3)(EN: -1,0)(MG: 12,0)(LG: 4,5)(RG: 4,-5)(LL: 0,8)(RL: 0,-8)(MR: 4,5 4,-5)
xpilot.shipShape: (NM:sucky2)(AU:erik)(SH: -9,0 -6,0 -5,3 -3,5 0,6 -1,8 0,6 1,3 5,3 6,0 13,0 6,0 5,-3 1,-3 0,-6 -1,-8 0,-6 -3,-5 -5,-3 -6,0)(EN: -9,0)(MG: 13,0)(LG: -1,8)(RG: -1,-8)(LL: -1,8)(RL: -1,-8)(MR: 13,0)
xpilot.shipShape: (NM:unstick)(AU:erik)(SH: -8,8 -4,6 0,5 4,3 12,0 4,-3 0,-5 -4,-6 -8,-8 -8,8)(EN: -8,0)(MG: 12,0)
xpilot.shipShape: (NM:unsticky)(AU:erik)(SH: -8,8 -4,6 0,5 4,3 14,0 4,-3 0,-5 -4,-6 -8,-8 -8,8)(EN: -8,0)(MG: 14,0)(LL: -8,8)(RL: -8,-8)(MR: 14,0)
xpilot.shipShape: (NM:mdfmk)(AU:erik)(SH: -14,-8 -14,8 -12,6 -10,8 -10,-8 -5,0 -10,8 -10,-8 -4,-8 -4,8 0,8 -4,8 -4,2 -2,2 -4,2 -4,-8 1,-8 1,8 3,6 5,8 5,0 8,8 5,0 8,-8)(EN: -14,0)(MG: 8,-8)
xpilot.shipShape: (NM:sucky3)(AU:erik)(SH: -8,0 -6,0 -5,3 -3,5 0,6 -1,8 0,6 1,3 5,3 6,0 14,0 6,0 5,-3 1,-3 0,-6 -1,-8 0,-6 -3,-5 -5,-3 -6,0)(EN: -8,0)(MG: 14,0)(LG: -1,8)(RG: -1,-8)(LL: -1,8)(RL: -1,-8)(MR: 14,0)
xpilot.shipShape: (NM:mdfmkbig)(AU:erik)(SH: -15,-11 -15,11 -12,6 -9,11 -9,-11 -4,2 -9,11 -9,-11 -4,-11 -4,11 2,11 -4,11 -4,2 -1,2 -4,2 -4,-11 3,-11 3,11 6,6 9,11 9,1 15,11 9,1 15,-11)(EN: -15,0)(MG: 15,-11)(LL: -15,11)(RL: -15,-11)(MR: 15,-11)(NM:mdfmkbig)(AU:erik)
xpilot.shipShape: (NM:big)(AU:erik)(SH: -15,15 -15,-15 15,-15 15,15 -15,15 15,-15 -15,-15 15,15 0,-15 -15,15 15,0 -15,-15 0,15 15,-15 -15,0 15,15)(EN: -15,0)(MG: 15,0)(LG: 15,15)(RG: 15,-15)(LL: -15,15)(RL: -15,-15)(MR: 15,0)
xpilot.shipShape: (NM:U-copy)(AU:erik)(SH: -8,0 -6,0 -5,3 -3,5 0,6 0,8 0,6 3,5 5,3 6,0 14,0 6,0 5,-3 3,-5 0,-6 0,-8 0,-6 -3,-5 -5,-3 -6,0)(EN: -8,0)(MG: 14,0)(LG: 0,8)(RG: 0,-8)(LL: 0,8)(RL: 0,-8)(MR: 14,0)
xpilot.shipShape: (NM:sphere)(AU:erik)(SH: -10,-2 -10,2 -9,6 -6,9 -2,10 2,10 6,9 9,6 10,2 10,-2 9,-6 6,-9 2,-10 -2,-10 -6,-9 -9,-6)(EN: -10,0)(MG: 10,0)
xpilot.shipShape: (NM:oval)(AU:erik)(SH: -10,-2 -10,2 -9,5 -6,8 -2,9 2,9 6,8 9,5 10,2 10,-2 9,-5 6,-8 2,-9 -2,-9 -6,-8 -9,-5)(EN: -10,0)(MG: 10,0)
xpilot.shipShape: (NM:thinangel)(AU:erik)(SH: -10,-2 -10,-2 -10,2 10,0 -9,5 -6,8 -2,9 2,9 6,8 9,5 10,2 10,-2 9,-5 6,-8 2,-9 -2,-9 -6,-8 -9,-5 10,0)(EN: -10,0)(MG: 10,0)(LL: -2,9)(RL: -2,-9)(MR: 10,0)
xpilot.shipShape: (NM:thickangel)(AU:erik)(SH: -10,-2 -10,-2 -10,2 10,0 -9,6 -6,9 -2,10 2,10 6,9 9,6 10,2 10,-2 9,-6 6,-9 2,-10 -2,-10 -6,-9 -6,-9 -9,-6 10,0)(EN: -10,0)(MG: 10,0)(LL: -2,10)(RL: -2,-10)(MR: 10,0)
xpilot.shipShape: (NM:defugly)(AU:Andy Shull)(SH: -8,8 14,0 -8,-8 12,0 -8,8)(EN: 12,0)(MG: 14,0)
xpilot.shipShape: (NM:drop)(AU:erik)(SH: -8,0 -7,3 -6,5 -3,7 0,8 3,7 6,5 14,0 6,-5 3,-7 0,-8 -3,-7 -6,-5 -7,-3)(EN: -8,0)(MG: 14,0)(LG: 0,8)(RG: 0,-8)(LL: 0,8)(RL: 0,-8)(MR: 14,0)
xpilot.shipShape: (NM:realevil)(AU:erik)(SH: -8,4 -7,5 -6,8 -1,6 -4,5 0,1 2,2 0,4 13,0 0,-4 2,-2 0,-1 -4,-5 -1,-6 -6,-8 -7,-5 -8,-4 -7,-4 -6,-2 -9,-1 -9,1 -6,2 -7,4)(EN: -9,0)(MG: 13,0)(LG: -1,6)(RG: -1,-6 -9,0)(LL: -6,8)(RL: -6,-8)(MR: 0,4 0,-4 -6,8 -6,-8)
xpilot.shipShape: (NM:evilship)(AU:erik)(SH: -8,4 -7,5 -6,8 -1,6 -4,6 0,1 2,2 1,3 14,0 1,-3 2,-2 0,-1 -4,-6 -1,-6 -6,-8 -7,-5 -8,-4 -7,-4 -6,-2 -8,-1 -8,1 -6,2 -7,4)(EN: -8,0)(MG: 14,0)(LG: -1,6)(RG: -1,-6 -8,0)(LL: -6,8)(RL: -6,-8)(MR: 1,3 1,-3 -6,8 -6,-8)
xpilot.shipShape: (NM:evilship2)(AU:erik)(SH: -8,4 -7,5 -6,8 -1,6 -4,6 0,1 2,2 1,3 13,0 1,-3 2,-2 0,-1 -4,-6 -1,-6 -6,-8 -7,-5 -8,-4 -7,-4 -6,-2 -9,-1 -9,1 -6,2 -7,4)(EN: -9,0)(MG: 13,0)(LG: -1,6)(RG: -1,-6 -9,0)(LL: -6,8)(RL: -6,-8)(MR: 1,3 1,-3 -6,8 -6,-8)
xpilot.shipShape: (NM:evilship3)(AU:erik)(SH: -9,4 -8,5 -7,8 -1,6 -4,6 0,1 2,2 1,3 14,0 1,-3 2,-2 0,-1 -4,-6 -1,-6 -7,-8 -8,-5 -9,-4 -8,-4 -7,-2 -9,-1 -9,1 -7,2 -8,4)(EN: -9,0)(MG: 14,0)(LG: -1,6)(RG: -1,-6 -9,0)(LL: -7,8)(RL: -7,-8)(MR: 1,3 1,-3 -7,8 -7,-8)
xpilot.shipShape: (NM:U-copyleft)(AU:erik)(SH: -8,0 -6,0 -5,3 -3,5 0,6 0,8 0,6 4,4 0,6 -3,5 -5,3 -6,0 14,0 -6,0 -5,-3 -3,-5 0,-6 4,-4 0,-6 0,-8 0,-6 -3,-5 -5,-3 -6,0)(EN: -8,0)(MG: 14,0)(LG: 0,8)(RG: 0,-8)(LL: 0,8)(RL: 0,-8)(MR: 14,0)
xpilot.shipShape: (NM:U-not)(AU:erik)(SH: -8,4 -4,6 -4,8 -4,6 -1,5 1,3 2,0 14,0 2,0 1,-3 -1,-5 -4,-6 -4,-8 -4,-6 -8,-4 -4,-6 -1,-5 1,-3 2,0 1,3 -1,5 -4,6)(EN: 2,0)(MG: 14,0)
xpilot.shipShape: (NM:U-not2)(AU:erik)(SH: -8,4 -4,6 -4,8 -4,6 -1,5 1,3 2,0 -8,0 2,0 14,0 2,0 1,-3 -1,-5 -4,-6 -4,-8 -4,-6 -8,-4 -4,-6 -1,-5 1,-3 2,0 1,3 -1,5 -4,6)(EN: -8,0)(MG: 14,0)(LL: -4,8)(RL: -4,-8)(MR: 14,0)
xpilot.shipShape: (NM:spherefair)(AU:erik)(SH: -10,-2 -10,-2 -10,2 -9,6 -6,9 -2,10 2,10 6,9 9,6 10,2 10,0 -9,6 10,0 -9,-6 10,0 10,-2 9,-6 6,-9 2,-10 -2,-10 -6,-9 -9,-6)(EN: -10,0)(MG: 10,0)(LL: -2,10)(RL: -2,-10)(MR: 10,0)
xpilot.shipShape: (NM:defaultpoints)(AU:Unknown)(SH: 15,0 12,1 9,2 6,3 3,4 0,5 -3,6 -6,7 -9,8 -9,6 -9,3 -9,-3 -9,-6 -9,-8 -6,-7 -3,-6 0,-5 3,-4 6,-3 9,-2 12,-1)(EN: -9,0)(MG: 15,0)(LL: -9,8)(RL: -9,-8)(MR: 15,0)
xpilot.shipShape: (NM:pentagram)(AU:erik)(SH: 11,0 -10,7 3,-10 3,10 -10,-7)(EN: -5,0)(MG: 11,0)
xpilot.shipShape: (NM:U-copyleft2)(AU:erik)(SH: -8,0 -7,3 -5,5 -2,6 -2,8 -2,6 2,4 -2,6 -5,5 -7,3 -8,0 14,0 -8,0 -7,-3 -5,-5 -2,-6 2,-4 -2,-6 -2,-8 -2,-6 -5,-5 -7,-3)(EN: -8,0)(MG: 14,0)(LG: -2,8)(RG: -2,-8)(LL: -2,8)(RL: -2,-8)(MR: 14,0)
xpilot.shipShape: (NM:pentagram2)(AU:erik)(SH: 11,0 -9,7 3,-9 3,9 -9,-7)(EN: -4,0)(MG: 11,0)(LL: 3,9)(RL: 3,-9)(MR: 11,0)
xpilot.shipShape: (NM:new)(SH: -10,2 -9,6 -6,9 -3,9 3,7 -3,7 -5,5 -3,2 -1,4 1,4 5,1 10,0 5,-1 1,-4 -1,-4 -3,-2 -5,-5 -3,-7 3,-7 -3,-9 -6,-9 -9,-6 -10,-2)(EN: -10,0)(MG: 10,0)(LG: 3,7)(RG: 3,-7)(LL: -3,9 -4,9 -5,9)(RL: -3,-9 -4,-9 -5,-9)(MR: 10,0 10,0 3,7 3,-7)
xpilot.shipShape: (NM:RSSoviet)(AU:Andy Shull)(SH: -6,-1 -5,-5 -1,-7 -1,-10 1,-10 1,-6 -3,-5 -5,-1 7,-1 7,-3 9,-3 9,3 7,3 7,1 -5,1 -5,3 -4,6 2,10 -4,7 -6,4 -6,1 -9,1 -9,-1)(EN: -9,0)(MG: 9,0)(LG: 9,3)(RG: 9,-3)(LL: 2,10)(RL: 1,-10)
xpilot.shipShape: (NM: drop2)(AU: erik)(SH: -8,0 -7,3 -6,5 -3,7 0,8 3,7 6,5 14,0 6,-5 3,-7 0,-8 -3,-7 -6,-5 -7,-3 -8,0 14,0)(EN: -8,0)(MG: 14,0)(LG: 0,8)(RG: 0,-8)(LL: 0,8)(RL: 0,-8)(MR: 14,0)
xpilot.shipShape: (NM: dragonsfang)(AU: erik)(SH: 4,-8 7,-8 10,-6 11,-3 11,0 10,3 6,7 2,8 -2,8 -6,7 -10,3 -11,0 -11,-3 -10,0 -7,2 -4,2 -1,0 0,-3 1,-6)(EN: -11,0)(MG: 11,0)
xpilot.shipShape: (NM:crossofthepunisher)(AU:erik)(SH: 5,1 14,0 5,-1 5,1 4,4 1,5 -1,5 -1,8 1,8 1,-5 4,-4 5,-1 -8,-1 -8,1 -5,1 -4,4 -1,5 -1,-8 1,-8 1,-5 -1,-5 -4,-4 -5,-1 -5,1)(EN: -8,0)(MG: 14,0)(LG: 4,4 1,5 1,8)(RG: 4,-4 1,-5 1,-8)(LL: 0,8 -8,1 5,1)(RL: 0,-8 -8,-1 5,-1)(MR: 4,-4 4,4 1,-8 1,8)
xpilot.shipShape: (NM:scratchyU)(AU:erik)(SH: -8,0 -6,0 -5,3 -5,-3 -3,5 -3,-5 0,6 0,8 0,-8 0,-5 3,5 3,-5 5,3 5,-3 6,0 14,0)(EN: -8,0)(MG: 14,0)
xpilot.shipShape: (NM:zigzag)(AU:erik)(SH: 14,0 8,0 5,3 5,-3 3,-5 3,5 0,8 0,-8 -3,-5 -3,5 -5,3 -5,-3 -8,0 -5,-3 -5,3 -3,5 -3,-5 0,-8 0,8 3,5 3,-5 5,-3 5,3 8,0)(EN: -8,0)(MG: 14,0)
xpilot.shipShape: (NM:dagger)(AU:erik)(SH: 14,0 -1,2 -1,6 0,8 -2,6 -2,-6 0,-8 -1,-6 -1,-2 14,0 -1,0 -1,2 -1,-2 -1,0 -2,0 -2,-1 -7,-1 -7,-2 -8,-2 -8,2 -7,2 -7,1 -2,1 -2,0)(EN: -8,0)(MG: 14,0)
xpilot.shipShape: (NM:arrows)(AU:erik)(SH: 14,0 7,4 10,1 1,1 1,5 4,5 0,8 -4,5 -1,5 -1,1 -5,1 -5,4 -8,0 -5,-4 -5,-1 -1,-1 -1,-5 -4,-5 0,-8 4,-5 1,-5 1,-1 10,-1 7,-4)(EN: -8,0)(MG: 14,0)
xpilot.shipShape: (NM:bigspike)(SH: -15,0 -8,7 -15,15 -7,8 0,15 7,8 15,15 8,7 15,0 8,-7 15,-15 7,-8 0,-15 -7,-8 -15,-15 -8,-7)(EN: -15,0)(MG: 15,0)
xpilot.shipShape: (NM:ovalfair)(AU:erik)(SH: -10,-2 -10,-2 -10,2 -8,6 -5,8 -2,9 2,9 5,8 8,6 10,2 10,0 -8,6 10,0 -8,-6 10,0 10,-2 8,-6 5,-8 2,-9 -2,-9 -5,-8 -8,-6)(EN: -10,0)(MG: 10,0)(LL: -2,9)(RL: -2,-9)(MR: 10,0)
xpilot.shipShape: (NM:copyleft)(AU:erik)(SH: 3,7 0,8 -3,7 -5,6 -7,3 -8,0 14,0 -8,0 -7,-3 -5,-6 -3,-7 0,-8 3,-7 0,-8 -3,-7 -5,-6 -7,-3 -8,0 -7,3 -5,6 -3,7 0,8)(EN: -8,0)(MG: 14,0)
xpilot.shipShape: (NM:ovalfair2)(AU:erik)(SH: -10,-2 -10,-2 -10,2 -8,5 -5,7 -2,8 2,8 6,7 9,5 11,3 12,0 -8,5 12,0 -8,-5 12,0 11,-3 9,-5 6,-7 2,-8 -2,-8 -5,-7 -8,-5)(EN: -10,0)(MG: 12,0)(LL: -2,8)(RL: -2,-8)(MR: 12,0)
xpilot.shipShape: (NM:defaultsmall)(AU:erik)(SH: -8,8 14,0 -8,-8)(EN: -8,0)(MG: 14,0)
xpilot.shipShape: (NM:broadsword)(AU:mara)(SH: -2,7 -5,8 -6,7 -5,4 -5,1 -9,1 -10,2 -11,0 -10,-2 -9,-1 -5,-1 -5,-4 -6,-7 -5,-8 -2,-7 -4,-7 -4,-2 12,-1 15,0 12,1 -4,2 -4,7)(EN: -11,0)(MG: 15,0)
xpilot.shipShape: (NM:bonecross)(AU:mara)(SH: -8,-1 -7,0 -8,1 -7,0 0,0 0,7 -1,8 0,7 1,8 0,7 0,0 14,0 15,1 14,0 15,-1 14,0 0,0 0,-7 1,-8 0,-7 -1,-8 0,-7 0,0 -7,0)(EN: -7,0)(MG: 14,0)
xpilot.shipShape: (NM:thunderstruck)(AU:mara)(SH: 14,0 6,4 7,2 2,4 4,5 3,7 1,7 0,8 -2,8 -6,6 -5,4 -7,3 -8,0 -7,-3 -5,-4 -6,-5 -4,-7 -1,-8 2,-8 2,-6 4,-5 3,-1 10,-2 8,1)(EN: -8,0)(MG: 14,0)
xpilot.shipShape: (NM:U-copy2)(AU:erik)(SH: -8,0 -6,0 -5,3 -3,5 0,6 0,8 0,6 3,5 5,3 6,0 15,0 6,0 5,-3 3,-5 0,-6 0,-8 0,-6 -3,-5 -5,-3 -6,0)(EN: -8,0)(MG: 15,0)(LG: 0,8)(RG: 0,-8)(LL: 0,8)(RL: 0,-8)(MR: 15,0)
xpilot.shipShape: (NM:comet)(AU:erik)(SH: 8,-2 8,2 6,6 2,8 -2,8 -6,6 -14,0 -6,-6 -2,-8 2,-8 6,-6)(EN: -14,0)(MG: 8,0)
xpilot.shipShape: (NM:blimp)(AU:erik)(SH: 15,0 12,0 11,6 7,11 0,13 -7,11 -11,6 -12,0 -11,-6 -6,-11 0,-13 6,-11 11,-6 12,0)(EN: -12,0)(MG: 15,0)
xpilot.shipShape: (NM:tick)(AU:erikmara)(SH: 0,0 1,-3 4,-4 7,-2 8,3 6,6 2,8 -3,8 -7,4 -8,0 -7,-4 -3,-8 2,-8 6,-6 8,-3 7,2 4,4 1,3 0,0 15,0)(EN: -8,0)(MG: 15,0)
xpilot.shipShape: (NM:goat)(AU:erik)(SH: 14,0 2,3 0,5 1,3 1,1 0,1 -1,4 -4,7 -8,8 -5,7 -3,5 -2,2 0,0 -2,-2 -3,-5 -5,-7 -8,-8 -4,-7 -1,-4 0,-1 1,-1 1,-3 0,-5 2,-3)(EN: 0,0)(MG: 14,0)
xpilot.shipShape: (NM:goat2)(AU:erik)(SH: 14,0 3,1 0,5 1,3 1,1 0,1 -1,4 -4,7 -8,8 -5,7 -3,5 -2,2 0,0 -2,-2 -3,-5 -5,-7 -8,-8 -4,-7 -1,-4 0,-1 1,-1 1,-3 0,-5 3,-1)(EN: 0,0)(MG: 14,0)(LL: -8,8)(RL: -8,-8)(MR: 14,0)
xpilot.shipShape: (NM:devil)(AU:erikerik)(SH: -8,4 -7,5 -5,5 -7,0 -5,-5 -7,-5 -8,-4 -5,-7 -2,-6 -2,-8 2,-6 4,-2 3,-5 9,-3 14,0 9,3 8,-1 9,3 3,5 4,1 2,6 -2,8 -2,6 -5,7)(EN: -7,0)(MG: 14,0)
xpilot.shipShape: (NM:backdrop)(AU:erik)(SH: -11,0 -10,3 -9,5 -6,7 -3,8 0,7 3,5 11,0 3,-5 0,-7 -3,-8 -6,-7 -9,-5 -10,-3)(EN: -11,0)(MG: 11,0)(LG: -3,8)(RG: -3,-8)(LL: -3,8)(RL: -3,-8)(MR: 11,0)
xpilot.shipShape: (NM:backdrop2)(AU:erik)(SH: -10,0 -9,3 -8,5 -5,7 -2,8 1,7 4,5 12,0 4,-5 1,-7 -2,-8 -5,-7 -8,-5 -9,-3)(EN: -10,0)(MG: 12,0)(LG: -2,8)(RG: -2,-8)(LL: -2,8)(RL: -2,-8)(MR: 12,0)
xpilot.shipShape: (NM:U-cross)(AU:erik)(SH: -8,0 -6,0 -5,3 -3,5 0,6 0,8 0,6 0,-6 0,6 3,5 5,3 6,0 -6,0 6,0 15,0 6,0 5,-3 3,-5 0,-6 0,-8 0,-6 -3,-5 -5,-3 -6,0)(EN: -8,0)(MG: 15,0)(LG: 0,8)(RG: 0,-8)(LL: 0,8)(RL: 0,-8)(MR: 15,0)
xpilot.shipShape: (NM:U-crossed)(AU:erik)(SH: -8,0 -6,0 -5,3 4,-4 -3,5 0,6 0,8 0,6 3,5 -4,-4 5,3 6,0 15,0 6,0 5,-3 -4,4 3,-5 0,-6 0,-8 0,-6 -3,-5 4,4 -5,-3 -6,0)(EN: -8,0)(MG: 15,0)(LG: 0,8)(RG: 0,-8)(LL: 0,8)(RL: 0,-8)(MR: 15,0)
xpilot.shipShape: (NM:metalfingers)(AU:erik)(SH: 6,0 6,2 4,3 13,3 14,4 14,5 13,6 4,6 3,6 0,8 -3,8 -6,3 -8,4 -8,-7 -6,-6 3,-8 10,-7 12,-6 12,-5 11,-4 4,-5 6,-4 6,-2 4,-1)(EN: -8,0)(MG: 6,0)(LL: 14,5)(RL: 6,-4)(MR: 6,2)
xpilot.shipShape: (NM:newship)(AU:Erik Andersson)(SH: -8,8 -5,4 -4,0 -5,-4 -8,-8 -1,-7 5,-5 11,-2 14,0 11,2 5,5 -1,7)(EN: -4,0)(MG: 14,0)(LG: -8,8)(RG: -8,-8)(LL: -8,8)(RL: -8,-8)(MR: -8,8 -8,-8)
xpilot.shipShape: (NM:evilnewship)(AU:Erik Andersson)(SH: -8,8 -5,4 -4,0 -5,-4 -8,-8 -1,-7 2,-2 2,-3 -1,-7 5,-5 11,-2 14,0 11,2 9,0 11,-2 8,0 11,2 5,5 -1,7 2,3 2,2 -1,7)(EN: -4,0)(MG: 14,0)(LG: -8,8)(RG: -8,-8)(LL: -8,8)(RL: -8,-8)(MR: -8,8 -8,-8)
xpilot.shipShape: (NM:evilnewship2)(AU:Erik Andersson)(SH: -8,8 -5,4 -4,0 -5,-4 -8,-8 -1,-7 1,-3 1,-4 -1,-7 5,-5 9,-3 14,0 9,3 8,0 9,-3 8,0 9,3 5,5 -1,7 1,4 1,3 -1,7)(EN: -4,0)(MG: 14,0)(LG: -8,8)(RG: -8,-8)(LL: -8,8)(RL: -8,-8)(MR: -8,8 -8,-8)
xpilot.shipShape: (NM:lastnewship)(AU:Erik Andersson)(SH: -8,8 -5,4 -4,0 -5,-4 -8,-8 -1,-7 2,-2 -1,-7 5,-5 11,-2 14,0 11,2 9,3 8,0 9,-3 8,0 9,3 5,5 -1,7 2,2 -1,7)(EN: -4,0)(MG: 14,0)(LG: -8,8)(RG: -8,-8)(LL: -8,8)(RL: -8,-8)(MR: -8,8 -8,-8)
xpilot.shipShape: (NM:stripednewship)(AU:Erik Andersson)(SH: -8,8 -5,4 14,0 -5,-4 -4,0 13,0 -4,0 -5,4 14,0 -5,-4 -8,-8 -1,-7 2,-6 5,-5 9,-3 11,-2 14,0 11,2 9,3 5,5 2,6 -1,7)(EN: -4,0)(MG: 14,0)(LG: -8,8)(RG: -8,-8)(LL: -8,8)(RL: -8,-8)(MR: -8,8 -8,-8)
xpilot.shipShape: (NM:newership)(AU:Erik Andersson)(SH: -8,8 -6,6 -5,4 -4,0 -5,-4 -6,-6 -8,-8 -1,-7 2,-6 5,-5 7,-4 9,-3 11,-2 14,0 11,2 9,3 7,4 5,5 2,6 -1,7)(EN: -4,0)(MG: 14,0)(LG: -8,8)(RG: -8,-8)(LL: -8,8)(RL: -8,-8)(MR: -8,8 -8,-8)
xpilot.shipShape: (NM:eship)(AU:Erik Andersson)(SH: -5,4 -4,0 -5,-4 -8,-8 -1,-7 5,-5 11,-2 5,-5 -1,-7 -8,-8 -5,-4 -4,0 14,0 -4,0 -5,4 -8,8 -1,7 5,5 11,2 5,5 -1,7 -8,8)(EN: -4,0)(MG: 14,0)(LG: 11,2 5,5 -1,7)(RG: 11,-2 5,-5 -1,-7)(LL: 11,2 5,5 -1,7)(RL: 11,-2 5,-5 -1,-7)(MR: 7,-4 7,4 2,-6 2,6)
xpilot.shipShape: (NM:crossbreed)(AU:erik)(SH: -8,0 -7,3 -5,5 -8,8 -5,5 -2,6 1,5 3,3 4,0 15,0 4,0 3,-3 1,-5 -2,-6 -5,-5 -8,-8 -5,-5 -7,-3 -8,0 -8,8 1,5 15,0 1,-5 -8,-8)(EN: -8,0)(MG: 15,0)(LG: 15,0 1,5 -2,6)(RG: 15,0 1,-5 -2,-6)(LL: -8,8 -2,6 4,4)(RL: -8,-8 -2,-6 4,-4)(MR: 4,-4 4,4 -2,-6 -2,6)
xpilot.shipShape: (NM:crossbreed2)(AU:erik)(SH: -8,8 -2,6 1,5 15,0 1,-5 -2,-6 -8,-8 -8,0 -7,-3 -5,-5 -2,-6 1,-5 3,-3 4,0 3,3 1,5 -2,6 -5,5 -7,3 -8,0)(EN: -8,0)(MG: 15,0)
xpilot.shipShape: (NM:crossbreed3)(AU:erik)(SH: 6,0 5,3 3,5 0,6 -3,5 -5,3 -6,0 -5,-3 -3,-5 0,-6 -8,-8 -8,8 0,6 3,5 15,0 3,-5 0,-6 3,-5 5,-3)(EN: -8,0)(MG: 15,0)
xpilot.shipShape: (NM:spy)(AU:erik)(SH: -9,-9 -6,0 -9,9 -5,1 -5,1 -5,0 -5,1 -5,0 -9,10 11,0 -8,9 10,0 -5,0 10,0 -8,-9 11,0 -9,-10 -5,0 11,0 -5,0 -9,-9 -6,0) (EN: -6,0) (MR: 10,0) (LG: -8,9) (RG: -8,-9) (LL: -9,9) (RL: -9,-9)
xpilot.shipShape: (NM:devil2)(AU:erikerik)(SH: -10,4 -9,5 -7,5 -9,0 -7,-5 -9,-5 -10,-4 -7,-7 -4,-6 -4,-8 0,-6 2,-2 1,-5 7,-3 12,0 7,3 6,-1 7,3 1,5 2,1 0,6 -4,8 -4,6 -7,7)(EN: -9,0)(MG: 12,0)(LL: -4,8)(RL: -4,-8)(MR: 12,0)
xpilot.shipShape: (NM:devil3)(AU:erikerik)(SH: -10,4 -9,5 -7,5 -9,0 -7,-5 -9,-5 -10,-4 -7,-7 -4,-6 -4,-8 0,-6 2,-2 1,-5 7,-3 12,0 7,3 6,-1 7,3 1,5 2,1 0,6 -4,8 -4,6 -7,7)(EN: -9,0)(MG: 12,0)(LL: -4,8)(RL: -4,-8)(MR: 12,0)
xpilot.shipShape: (NM:clamp)(AU:erik)(SH: 12,0 3,5 0,7 -3,8 -6,7 -9,5 -10,3 -9,5 -6,7 -3,8 0,7 3,5 12,0 3,-5 0,-7 -3,-8 -6,-7 -9,-5 -10,-3 -9,-5 -6,-7 -3,-8 0,-7 3,-5)(EN: 12,0)(MG: 12,0)(LG: -3,8)(RG: -3,-8)(LL: -3,8)(RL: -3,-8)(MR: 12,0)
xpilot.shipShape: (NG:noname)(AU:unknown)(SH: -9,-9 -6,0 -9,9 -5,1 -5,1 -5,0 -5,1 -5,0 -9,10 11,0 -8,9 10,0 -5,0 10,0 -8,-9 11,0 -9,-10 -5,0 11,0 -5,0 -9,-9 -6,0) (EN: -6,0) (MR: 10,0) (LG: -8,9) (RG: -8,-9) (LL: -9,9) (RL: -9,-9)
xpilot.shipShape: (NM:default thick)(AU:erik)(SH: 15,0 -8,8 -8,-8 15,0 -7,7 -7,-7 -8,-8 15,0 -8,8 -7,7 -8,6 -7,5 -8,4 -7,3 -8,2 -7,1 -8,0 -7,-1 -8,-2 -7,-3 -8,-4 -7,-5 -8,-6 -7,-7)(EN: -8,0)(MG: 15,0)
xpilot.shipShape: (NM:angeldust)(AU:erik)(SH: -10,-2 -10,-2 -10,2 15,0 -9,5 -6,8 -2,9 2,9 6,8 9,5 10,2 10,-2 9,-5 6,-8 2,-9 -2,-9 -6,-8 -9,-5 15,0)(EN: -10,0)(MG: 15,0)(LL: -2,9)(RL: -2,-9)(MR: 15,0)
xpilot.shipShape: (NM:devil4)(AU:erikerik)(SH: -11,4 -9,5 -7,5 -9,0 -7,-5 -9,-5 -11,-4 -8,-7 -4,-6 -4,-8 0,-6 2,-2 1,-5 7,-3 12,0 7,3 6,-1 7,3 1,5 2,1 0,6 -4,8 -4,6 -8,7)(EN: -9,0)(MG: 12,0)(LL: -4,8)(RL: -4,-8)(MR: 12,0)
xpilot.shipShape: (NM:flash)(AU:erik)(SH: 15,0 -3,0 -6,5 -3,0 6,5 -3,0 0,8 -3,0 -6,-5 -3,0 -8,0 -3,0 0,-8 -3,0 6,-5 -3,0)(EN: -8,0)(MG: 15,0)
xpilot.shipShape: (NM:devil5)(AU:erik)(SH: -8,4 -6,5 -4,5 -6,0 -4,-5 -6,-5 -8,-4 -5,-7 -1,-6 -1,-8 3,-6 5,-2 4,-5 10,-3 15,0 10,3 9,-1 10,3 4,5 5,1 3,6 -1,8 -1,6 -5,7)(EN: -6,0)(MG: 15,0)(LL: -1,8)(RL: -1,-8)(MR: 15,0)
xpilot.shipShape: (NM:thick)(AU:erik)(SH: 15,0 -3,8 -8,0 -3,-8 15,0 -3,7 -7,0 -3,-7 15,0 -3,6 -6,0 -3,-6 15,0 -3,5 -5,0 -3,-5 15,0 -3,4 -4,0 -3,-4 15,0 -3,3 -3,-3)(EN: -8,0)(MG: 15,0)(LG: 6,4 -3,8)(RG: 6,-4 -3,-8)(LL: -3,3 -3,4 -3,5)(RL: -3,-3 -3,-4 -3,-5)(MR: 8,-3 8,3 2,-6 2,6)
xpilot.shipShape: (NM:Flower)(AU:Flower)(SH: -9,-9 0,0 15,0 0,0 -9,9) (EN: -9,0) (MG: 15,0)
xpilot.shipShape: (NM:Flower2)(AU:erik)(SH: -9,0 -6,0 -5,3 -3,5 0,6 0,8 0,6 3,5 5,3 6,0 15,0 6,0 5,-3 3,-5 0,-6 0,-8 0,-6 -3,-5 -5,-3 -6,0)(EN: -9,0)(MG: 15,0)(LG: 0,8)(RG: 0,-8)(LL: 0,8)(RL: 0,-8)(MR: 15,0)
xpilot.shipShape: (NM:teemu)(AU:erik)(SH: -8,-8 0,0 14,0 0,0 -8,8)(EN: -8,0)(MG: 14,0)(LL: -8,8)(RL: -8,-8)(MR: 14,0)
xpilot.shipShape: (NM:OldDefault)(AU:Unknown)(SH: 15,0 -9,8 -9,-8)(MG: 15,0)(LG: 15,0)(RG: 15,0)(EN: -9,0)(LR: -9,8)(RR: -9,-8)(LL: -9,8)(RL: -9,-8)(MR: 15,0)
xpilot.shipShape: (NM:AnotherTIE)(AU:Unknown)(SH: 15,12 -15,15 -8,9 -11,3 -11,-3 -8,-9 -15,-15 15,-12 -4,-9 -3,-4 2,-4 2,-2 -3,-2 -3,2 2,2 2,4 -3,4 -4,9)(EN: -10,0)(MG: -10,0)(LG: -7,3 -2,12 -8,12)(RG: -7,-3 -2,-12 -8,-12)(LR: 1,3 -11,14 0,13)(RR: 1,-3 -11,-14 0,-13)(LL: 15,12 -15,15)(RL: 15,-12 -15,-15)(MR: 0,12 0,-12 0,-3 0,3)
