type:	suibot
para:	94 20
ship:	(SH: 15,0 7,1 7,2 2,4 -1,11 -3,11 -2,3 -8,6 -8,-6 -2,-3 -3,-11 -1,-11 2,-4 7,-2 7,-1)(EN: -8,0)(MG: 15,0)(LL: -8,-6)(RL: -8,6)(MR: 15,0)
name:	MWMWMWMMWMMMWMWM

type:	default
para:	10 90
ship:	(SH: 15,0 6,2 -2,3 -1,4 -2,5 -10,8 -13,8 -13,1 -15,0 -13,-1 -13,-8 -10,-8 -2,-5 -1,-4 -2,-3 6,-2)(EN: -13,0)(MG: 15,0)(LL: -13,8)(RL: -13,-8)(MR: 15,0)
name:	Blackie

type:	suibot
para:	70 40
ship:	(SH: 15,0 0,8 -8,0 0,-8)(EN: 0,0)(MG: 15,0)(LL: 0,8)(RL: 0,-8)(MR: 15,0)
name:	PurpusVI

type:	suibot
para:	30 70
ship:	(SH: 10,0 10,7 5,14 -5,14 -10,7 -10,-7 -5,-14 5,-14 10,-7 10,0 5,5 2,7 5,0 2,-7 5,-5)(EN: -10,0)(MG: 10,0)(LL: -10,7)(RL: -10,-7)(MR: 10,0)
name:	WMWMMWMWMWMWMWM

type:	default
para:	50 60
ship:	(SH: 15,0 14,1 -1,2 -2,9 0,10 -4,10 -7,2 -8,2 -8,-2 -7,-2 -4,-10 0,-10 -2,-9 -1,-2 14,-1)(EN: -7,-2)(MG: 15,0)(LL: -8,-2)(RL: -7,-2)(MR: 15,0)
name:	R2D2

type:	default
para:	60 50
ship:	(SH: 10,0 0,5 0,15 15,10 0,15 -15,10 0,15 0,5 -7,0 0,-5 0,-15 -15,-10 0,-15 15,-10 0,-15 0,-5)(EN: 0,0)(MG: 10,0)(LL: 0,5)(RL: 0,-5)(MR: 10,0)
name:	C3PO

type:	default
para:	50 50
ship:	(SH: 15,0 15,5 5,5 5,-5 15,-5 15,0 -15,0 -15,5 5,5 5,-5 -15,-5 -15,-8 -15,8 -15,0)(EN: 15,0)(MG: 15,0)(LL: 15,0)(RL: 15,0)(MR: 15,0)
name:	K9

type:	suibot
para:	45 55
ship:	(SH: 15,0 0,12 -9,8 -9,-8 0,-12)(EN: -9,0)(MG: 15,0)(LL: -9,8)(RL: -9,-8)(MR: 15,0)
name:	Lagger

type:	suibot
para:	05 95
ship:	(SH: 5,-1 8,-5 7,-9 4,-11 -1,-10 -5,-6 -8,-10 -8,10 -5,6 -1,10 4,11 7,9 8,5 5,1 0,0)(EN: -8,0)(MG: 5,-1)(LL: -8,-10)(RL: -8,10)(MR: 5,-1)
name:	Mara

type:	default
para:	15 85
ship:	(SH: 10,1 12,8 -11,8 -10,3 -7,0 -5,2 -7,0 -10,-1 -10,-3 -13,-4 -13,-7 -15,-8 -15,-13 -5,-5 -2,-4 5,-2)(EN: -15,-10)(MG: 10,1)(LL: -15,-13)(RL: -15,-8)(MR: 10,1)
name:	Hermes

type:	suibot
para:	60 60
ship:	(SH: 15,-1 15,0 5,0 5,-1 5,9 -15,9 -15,-4 -5,-7 -3,-8 -7,-8 -5,-7 5,-4 5,-1 -15,-1)(EN: -15,2)(MG: 15,-1)(LL: -15,-4)(RL: -15,9)(MR: 15,-1)
name:	Pi
